101 4663 0
416 59 0
4242 2821 0
2168 2864 0
1410 3083 0
3876 561 0
2739 3360 0
48 1384 0
2100 867 0
1358 1685 0
1885 3106 0
935 3594 0
4541 4859 0
367 2810 0
340 4161 0
1212 2804 0
3074 1954 0
4248 171 0
2624 3078 0
340 4344 0
4622 1721 0
2592 2082 0
556 205 0
985 604 0
653 442 0
290 2191 0
777 1864 0
1206 90 0
2130 4271 0
4349 4696 0
2857 2556 0
1245 4257 0
978 1206 0
4050 1427 0
2757 1474 0
3137 4562 0
422 1156 0
2057 1677 0
887 327 0
2396 3075 0
1293 223 0
4557 2374 0
192 1164 0
681 2879 0
615 4642 0
4235 1011 0
1924 2663 0
811 3076 0
3259 1981 0
631 2171 0
3465 257 0
1253 3268 0
2866 4530 0
2311 1530 0
3579 1366 0
1120 3174 0
4506 537 0
4214 1090 0
2027 3512 0
2088 962 0
1252 1949 0
3138 3925 0
2251 3148 0
4687 1832 0
1702 509 0
174 1771 0
1268 1162 0
4584 3033 0
3994 1932 0
2369 4082 0
1312 705 0
2445 4491 0
3101 1970 0
4421 3337 0
4592 402 0
730 3306 0
3505 2152 0
3401 1029 0
2664 3697 0
240 1298 0
4732 3007 0
672 2156 0
4718 2087 0
2291 3350 0
1222 602 0
1760 4348 0
3918 3922 0
3980 1404 0
3967 1776 0
3427 549 0
313 995 0
3944 4799 0
4023 715 0
1737 3211 0
4545 4766 0
2743 460 0
3107 1355 0
1908 2693 0
863 4254 0
2734 3205 0
4767 3428 0
523 929 0
3053 1487 0
4613 833 0
1446 1052 0
4856 1310 0
1068 3186 0
1657 4681 0
3804 2830 0
234 4208 0
4416 1693 0
587 4701 0
4229 3561 0
339 2751 0
1071 4792 0
1984 3117 0
267 4849 0
235 872 0
2661 4353 0
415 3296 0
124 3709 0
4139 4218 0
1843 1033 0
4534 1425 0
777 4472 0
3539 1339 0
331 3893 0
86 3277 0
393 2017 0
1381 4001 0
4678 4157 0
722 2070 0
4339 843 0
424 2777 0
799 2480 0
4355 2403 0
4328 1629 0
805 707 0
2741 2670 0
3271 2718 0
1063 1618 0
2477 1652 0
125 292 0
4118 3962 0
2257 947 0
3852 2549 0
651 4169 0
2624 3512 0
1129 2684 0
1665 1188 0
1241 3281 0
3025 4098 0
3342 384 0
2586 1386 0
851 4472 0
540 484 0
1439 1187 0
4010 1102 0
1898 1899 0
534 4862 0
1984 3709 0
1770 4520 0
916 4557 0
1240 4481 0
3926 1498 0
4596 4260 0
4808 1843 0
4385 1205 0
1037 1850 0
4041 3525 0
3586 3368 0
1746 3702 0
466 4433 0
973 96 0
197 2474 0
2416 2739 0
4697 2952 0
582 1053 0
3988 3754 0
2981 1774 0
4760 3706 0
737 1914 0
4472 4496 0
191 190 0
2122 2424 0
2604 2887 0
1662 181 0
815 4688 0
1134 2565 0
3869 2603 0
3125 2023 0
1292 3298 0
1733 347 0
2441 1053 0
2612 2793 0
1934 2118 0
87 4068 0
4270 748 0
1426 2288 0
1171 2661 0
4078 706 0
1194 184 0
1132 2343 0
1821 1722 0
1946 2376 0
3842 1910 0
2659 812 0
2770 1490 0
1835 3454 0
28 3184 0
2588 3473 0
1402 4051 0
2490 2209 0
4037 1219 0
4030 92 0
2949 3058 0
33 1184 0
2731 735 0
375 903 0
3459 763 0
1662 4769 0
2020 3083 0
2807 2432 0
2218 2253 0
4276 1658 0
613 2270 0
1011 4266 0
3923 4059 0
4330 2360 0
2444 966 0
2211 3546 0
1917 2220 0
522 1179 0
663 2181 0
69 2012 0
328 860 0
835 4248 0
3115 2224 0
1432 4844 0
636 3609 0
392 1238 0
718 47 0
3425 3133 0
4608 3495 0
2063 561 0
1901 703 0
2794 629 0
3683 3805 0
722 3898 0
3031 626 0
1918 2606 0
4694 2341 0
273 4021 0
63 1326 0
2030 374 0
4656 0 0
206 1306 0
3006 298 0
1552 4688 0
3945 2943 0
2128 3349 0
1230 1140 0
1338 306 0
31 1739 0
2208 4102 0
3537 3950 0
203 389 0
2964 2206 0
2575 4737 0
1416 3148 0
3234 1577 0
942 3271 0
687 719 0
2973 408 0
4261 4334 0
1910 3242 0
4309 619 0
793 4783 0
1852 283 0
3993 3774 0
3485 1414 0
750 321 0
980 4330 0
1514 270 0
4454 4483 0
1391 468 0
4700 2058 0
990 3769 0
2898 2172 0
2258 3649 0
3019 4124 0
527 626 0
199 3771 0
3253 1846 0
4504 4663 0
4026 4608 0
1009 66 0
4246 1714 0
3136 3428 0
320 3775 0
2109 323 0
4186 2700 0
963 3107 0
4008 1565 0
992 3241 0
2759 493 0
40 4324 0
28 1309 0
78 2446 0
4362 1489 0
3061 1166 0
2408 216 0
1219 4546 0
3122 1675 0
183 4348 0
1150 2039 0
1725 2378 0
434 1854 0
896 4475 0
3573 2106 0
4224 4062 0
227 3172 0
3428 845 0
1413 756 0
1169 874 0
896 586 0
4603 1321 0
1164 1677 0
2619 4495 0
1320 1938 0
227 3257 0
2957 4095 0
2574 1567 0
1760 2992 0
3643 1306 0
3755 3673 0
3931 2212 0
398 2925 0
1832 1119 0
3890 2111 0
1209 3034 0
2175 2664 0
1363 15 0
4111 616 0
1667 560 0
3810 144 0
2665 4259 0
2899 1055 0
4439 1867 0
2890 1195 0
1947 521 0
948 4802 0
408 3714 0
560 210 0
540 4643 0
267 1350 0
749 3427 0
1647 1522 0
1189 1352 0
1239 2481 0
3776 1837 0
3782 844 0
4084 962 0
1465 2462 0
193 84 0
3418 3318 0
4168 2127 0
3062 701 0
4192 1281 0
561 89 0
4583 1696 0
4601 4688 0
4438 2447 0
184 2481 0
4504 3805 0
1486 3248 0
1309 1551 0
2878 2448 0
3626 2335 0
1959 4806 0
115 1476 0
1911 2395 0
235 4340 0
1883 2706 0
475 935 0
250 2507 0
817 2783 0
2530 3751 0
1563 2789 0
194 2157 0
3029 4053 0
1243 4012 0
1728 3932 0
1713 3874 0
1203 705 0
262 2269 0
405 1570 0
4360 928 0
1836 2305 0
4298 1672 0
3120 1279 0
4593 3311 0
2468 4070 0
2224 2705 0
1126 4845 0
246 493 0
2820 568 0
2277 3567 0
721 3231 0
4743 1483 0
3896 2480 0
2492 556 0
2385 3063 0
2167 1166 0
2226 2685 0
4650 3304 0
648 2190 0
383 1679 0
742 191 0
585 1111 0
604 2864 0
442 4347 0
1228 2063 0
4822 1215 0
2937 2397 0
551 3411 0
1633 3573 0
947 2811 0
4301 2506 0
1579 3565 0
4134 2928 0
4197 3834 0
1546 2270 0
2572 113 0
2463 1906 0
4759 3649 0
1319 1845 0
3447 1885 0
2773 3425 0
2453 1125 0
4831 1824 0
1019 1666 0
3541 4247 0
2001 4242 0
2353 291 0
3980 2437 0
4706 1030 0
2527 2422 0
513 3166 0
4472 5 0
896 1942 0
4079 900 0
4502 3036 0
3272 4662 0
522 1833 0
3373 1903 0
2410 32 0
1597 414 0
4352 2616 0
4006 138 0
2 1309 0
1910 2012 0
1545 2644 0
814 1246 0
3268 542 0
2328 386 0
3822 1184 0
1243 166 0
2941 1344 0
1869 1686 0
29 2130 0
4488 4051 0
988 756 0
2112 3091 0
2343 822 0
2644 3464 0
1013 895 0
1186 1125 0
1602 812 0
32 4511 0
1727 2169 0
1065 2288 0
968 3237 0
4116 3362 0
406 3665 0
3851 1930 0
1718 1066 0
1050 3795 0
1721 4551 0
3975 2045 0
3374 3284 0
610 4260 0
2765 2929 0
1372 646 0
2805 1493 0
1757 2112 0
345 1847 0
592 4184 0
2550 4078 0
1218 2176 0
3656 4055 0
683 3609 0
1981 3831 0
4619 2551 0
2410 3169 0
953 3428 0
4604 1370 0
504 2663 0
1010 1468 0
1868 2118 0
266 2200 0
3212 2121 0
2297 2847 0
823 4033 0
1119 1219 0
3339 3913 0
3578 3737 0
2004 1868 0
4122 4098 0
1667 1735 0
4437 3978 0
3711 4176 0
1403 2320 0
3136 1112 0
205 1064 0
3097 429 0
1897 1981 0
853 578 0
1289 4347 0
2438 3891 0
2285 3435 0
2330 1284 0
2326 4704 0
3887 3370 0
3765 3987 0
937 1484 0
2275 522 0
4481 3018 0
914 2878 0
1119 2047 0
2500 1148 0
1644 4291 0
4091 1420 0
1121 2996 0
4592 401 0
2533 439 0
2439 2608 0
21 2873 0
2051 2548 0
2148 1979 0
630 3569 0
677 3213 0
124 680 0
3686 1753 0
2345 43 0
1920 3044 0
320 4482 0
3564 1169 0
422 2636 0
2520 2855 0
2326 1705 0
3834 4179 0
1301 4440 0
3621 2417 0
3881 2333 0
1050 3079 0
3910 870 0
3232 4498 0
905 2093 0
3031 3974 0
3369 4384 0
2761 3984 0
938 1280 0
2626 1054 0
3411 4167 0
226 801 0
4323 1549 0
624 4369 0
384 1324 0
1393 1074 0
2800 3747 0
3321 4119 0
267 1336 0
1474 4196 0
624 1122 0
123 1496 0
2168 2405 0
1122 4746 0
3176 4543 0
3349 2162 0
747 3779 0
4517 2348 0
4799 1412 0
237 1785 0
4526 3060 0
2594 7 0
192 2637 0
683 3058 0
2735 4528 0
2354 1162 0
155 780 0
1019 2775 0
1535 2882 0
2164 346 0
2276 135 0
2830 4758 0
340 1801 0
2892 3279 0
1554 3797 0
1305 1298 0
2184 1528 0
4703 1397 0
3585 484 0
1493 928 0
3096 4374 0
4377 1420 0
1648 1526 0
4350 4491 0
1190 2559 0
1831 2697 0
2180 1567 0
213 4497 0
2168 3937 0
1533 1683 0
2372 4553 0
2206 3684 0
3062 4479 0
4433 262 0
1051 4657 0
4386 554 0
48 3506 0
1950 4851 0
2649 4583 0
1069 1533 0
342 995 0
2466 1950 0
1970 2641 0
4369 3947 0
4669 18 0
992 510 0
1725 4136 0
2593 2807 0
3297 723 0
2591 2369 0
374 2553 0
2871 3991 0
2525 4811 0
3050 2886 0
4285 1190 0
1584 308 0
3829 311 0
4622 3873 0
981 1507 0
3178 45 0
4493 3430 0
4639 2714 0
1509 4026 0
1613 1748 0
1839 1082 0
4082 3758 0
4474 4359 0
1215 3055 0
4617 2987 0
292 269 0
1796 1532 0
174 2872 0
2668 579 0
1682 4506 0
3412 926 0
2698 4830 0
3919 4771 0
1759 3823 0
37 2630 0
3271 514 0
3530 2045 0
4338 1750 0
656 1826 0
4704 1082 0
2203 3736 0
1397 465 0
3989 4785 0
4431 4626 0
676 847 0
2135 3474 0
2713 3402 0
278 3206 0
3435 2066 0
1355 643 0
3043 1942 0
2874 1929 0
3992 1636 0
3142 832 0
1822 785 0
194 1921 0
379 4827 0
1029 792 0
1498 2189 0
956 1481 0
3716 2979 0
1669 1681 0
4619 2479 0
3769 3373 0
712 1019 0
3208 2017 0
4232 4720 0
332 4722 0
899 1718 0
1559 628 0
1678 1949 0
3470 204 0
2705 444 0
2811 3437 0
4410 600 0
4253 2149 0
4851 1671 0
1091 3613 0
274 3476 0
537 2268 0
80 166 0
193 4750 0
1149 1181 0
2725 3268 0
1138 2109 0
140 3067 0
1094 4494 0
1132 3361 0
3525 4482 0
4735 853 0
3613 1753 0
1689 2543 0
2779 2882 0
4025 192 0
2838 3011 0
3038 4507 0
3050 2138 0
284 4115 0
1065 4325 0
1006 2183 0
76 319 0
974 1628 0
1200 3500 0
1283 2442 0
511 887 0
2747 2394 0
2649 2670 0
3107 4381 0
1296 4353 0
2687 3330 0
1713 4464 0
2174 1121 0
3265 505 0
499 1295 0
1999 4291 0
1275 2821 0
4100 4383 0
818 3518 0
1020 2318 0
2855 2785 0
468 2819 0
1037 4640 0
133 746 0
3507 2912 0
4720 3432 0
2230 282 0
2618 4197 0
1525 257 0
3289 3784 0
2117 2021 0
2287 4481 0
3942 2775 0
3927 973 0
54 2702 0
766 4789 0
1061 3081 0
1001 3190 0
4292 1643 0
2419 339 0
4608 2942 0
2849 1491 0
4384 385 0
1077 1667 0
3468 2054 0
134 301 0
4599 3017 0
4469 1020 0
3823 1773 0
1571 4834 0
3250 1416 0
2273 4663 0
1092 3682 0
3048 163 0
4286 3578 0
331 3645 0
1513 2250 0
3625 1012 0
523 1228 0
2855 1583 0
3585 3901 0
3613 4016 0
1678 3233 0
1296 2238 0
3827 1287 0
2145 131 0
192 1166 0
835 4531 0
1257 4392 0
1138 1646 0
3612 3998 0
3107 4456 0
2386 725 0
1334 839 0
165 2127 0
2227 3916 0
3937 4596 0
2164 2614 0
605 2835 0
1823 4195 0
4492 3748 0
2136 2617 0
1231 2768 0
1588 2500 0
525 4531 0
2544 1184 0
4486 2144 0
1763 4122 0
1380 1317 0
177 402 0
3731 2577 0
2498 1828 0
2771 1716 0
2546 3463 0
4620 294 0
3466 3636 0
737 2379 0
2160 3019 0
1159 1876 0
410 947 0
2264 2441 0
3784 1537 0
4003 2886 0
2419 3228 0
1351 836 0
768 3486 0
4224 282 0
570 3325 0
1152 1540 0
767 1386 0
1090 482 0
3129 1145 0
2331 3716 0
529 1283 0
3218 3108 0
1119 3785 0
4209 2356 0
2660 4185 0
1564 1627 0
3515 1334 0
2082 3514 0
1421 307 0
4114 2163 0
5 4640 0
1936 2668 0
3843 2984 0
167 4176 0
3093 1402 0
2657 4567 0
419 4519 0
661 840 0
3433 1867 0
4353 2364 0
810 2672 0
4760 4260 0
2979 3119 0
1309 3597 0
3007 2584 0
3313 3363 0
265 981 0
2090 2676 0
614 2313 0
4580 2935 0
516 638 0
3804 4045 0
3982 1152 0
59 3270 0
2978 3204 0
2479 1831 0
4740 3854 0
448 299 0
3092 1489 0
866 2759 0
2813 4631 0
198 2098 0
1584 4707 0
374 2725 0
1937 597 0
3489 3424 0
495 4047 0
1203 237 0
1338 4694 0
3881 3496 0
3312 443 0
3492 127 0
3033 4346 0
828 247 0
756 1634 0
534 3695 0
1969 2806 0
2873 1961 0
2400 4372 0
1949 3974 0
4330 2132 0
1669 2065 0
2751 4787 0
3855 3007 0
2063 1777 0
2570 3574 0
3901 4663 0
775 1227 0
4753 4093 0
1971 784 0
4653 555 0
2916 654 0
4162 2942 0
3313 1167 0
3203 814 0
4039 2464 0
3034 2510 0
3641 4244 0
1626 2419 0
3096 4300 0
2678 2840 0
1924 3766 0
112 1601 0
1281 3220 0
2324 1503 0
3534 383 0
2213 3956 0
3698 1195 0
3352 4471 0
663 2028 0
1408 4858 0
2843 2937 0
714 1674 0
2917 3825 0
682 2903 0
2805 667 0
3285 2197 0
319 1266 0
2417 2849 0
4026 1633 0
2761 1896 0
52 1611 0
3398 901 0
1640 3150 0
923 2729 0
2258 201 0
2623 4544 0
1218 3995 0
288 3153 0
1200 3630 0
1942 166 0
4815 1973 0
2965 3630 0
996 3505 0
2856 799 0
4697 442 0
2330 1887 0
4237 380 0
2038 165 0
2927 3072 0
3379 2524 0
2123 1581 0
3240 1480 0
3556 1678 0
4678 2539 0
2498 1109 0
3077 1962 0
461 1184 0
799 3244 0
1819 1532 0
125 387 0
3079 39 0
4462 1166 0
1667 4123 0
4767 4637 0
2223 4679 0
3912 983 0
3498 544 0
4259 89 0
2727 472 0
4770 2592 0
3396 365 0
2529 2729 0
4632 2022 0
2266 470 0
1931 218 0
4440 1684 0
4331 561 0
2094 1723 0
4540 1326 0
1832 4150 0
591 942 0
4162 3427 0
1174 1706 0
2328 3772 0
2614 2563 0
3742 1976 0
222 1151 0
785 4588 0
4567 4622 0
3117 374 0
3805 339 0
2721 1691 0
4142 1119 0
1472 1455 0
4320 3008 0
121 2101 0
631 2746 0
2441 3912 0
4279 1748 0
2287 1594 0
1719 1431 0
1184 2682 0
2359 3730 0
1405 1467 0
3891 2977 0
3970 2898 0
2489 4207 0
576 3552 0
2295 3130 0
1677 306 0
1944 3798 0
4730 4709 0
4433 4085 0
3205 2126 0
2230 4005 0
4624 2329 0
83 1562 0
1810 303 0
2296 2990 0
1293 4446 0
340 4390 0
3392 2868 0
3781 2871 0
2077 2219 0
367 1865 0
3069 2828 0
396 4730 0
4627 2573 0
2050 3814 0
1182 3644 0
1339 3878 0
4707 1697 0
4145 22 0
4187 2207 0
1736 2779 0
1961 3100 0
3169 1573 0
974 3042 0
4780 946 0
4640 1348 0
189 3604 0
121 2308 0
1635 2739 0
3884 4724 0
3509 1813 0
3645 3804 0
4077 3421 0
4561 540 0
378 2322 0
2275 4498 0
2384 1570 0
2873 1854 0
2691 4135 0
3990 3620 0
2324 1512 0
1586 242 0
4107 1059 0
4455 1251 0
965 1418 0
2477 4835 0
1168 4107 0
3016 244 0
4213 2900 0
832 3536 0
853 3223 0
4626 1744 0
824 650 0
933 2828 0
1505 3507 0
3839 1988 0
422 738 0
313 511 0
126 2815 0
4656 881 0
3420 5 0
2430 4002 0
4539 2127 0
681 4685 0
122 531 0
1945 3590 0
1259 812 0
4176 288 0
4391 2076 0
2005 1230 0
1700 4433 0
625 1160 0
4105 1447 0
2846 3249 0
64 2863 0
1597 4214 0
3021 4399 0
3975 4857 0
1887 4201 0
1606 2991 0
2213 3744 0
4805 2310 0
3683 601 0
1285 1356 0
3269 2271 0
689 2252 0
755 649 0
596 3898 0
4837 4671 0
970 2129 0
2425 1083 0
3573 1978 0
3011 1549 0
1969 560 0
2468 2786 0
2313 226 0
3742 3589 0
2219 1560 0
2278 678 0
2457 794 0
1979 4315 0
1826 2894 0
3831 484 0
4113 1696 0
4836 4787 0
3108 2342 0
1616 3500 0
1983 260 0
4324 2217 0
1762 3982 0
177 2625 0
857 2221 0
12 2378 0
4658 4740 0
4764 3996 0
884 339 0
1201 4632 0
1550 2715 0
4567 1257 0
3086 1411 0
1196 2570 0
3603 634 0
750 2824 0
2821 3614 0
3800 1802 0
2051 3932 0
2735 4622 0
157 4825 0
2200 4469 0
1604 4497 0
1196 194 0
3326 3775 0
3918 159 0
3679 4092 0
444 3873 0
436 2474 0
741 844 0
2689 147 0
2171 1242 0
3886 1742 0
3144 3640 0
4861 483 0
1221 1234 0
3135 1070 0
4073 144 0
1224 4745 0
2623 4256 0
928 37 0
1851 2935 0
3323 3513 0
4046 786 0
2923 1247 0
1336 386 0
3413 1978 0
3870 3495 0
418 3293 0
2524 1852 0
4278 1128 0
4124 531 0
4518 628 0
2984 1954 0
1701 4786 0
2428 1983 0
1728 590 0
1312 1448 0
972 3866 0
1588 70 0
412 1256 0
844 1459 0
119 2359 0
511 2041 0
3784 3347 0
2107 3357 0
3608 4150 0
987 3420 0
3898 3187 0
3196 3764 0
709 597 0
2700 3494 0
3272 4611 0
931 1595 0
4024 3430 0
2839 1349 0
3501 3214 0
1739 4839 0
2254 4178 0
1863 3927 0
1034 2615 0
1550 2275 0
3338 2964 0
1067 3378 0
2147 755 0
526 1229 0
2575 441 0
2454 3037 0
2846 2314 0
4207 1335 0
3497 4327 0
2206 2965 0
4616 1433 0
2650 3366 0
1860 1875 0
3358 330 0
1231 1555 0
3068 1686 0
2163 1225 0
2100 3615 0
1673 3259 0
2565 2549 0
3947 808 0
3523 3309 0
556 4395 0
2090 2980 0
3462 1763 0
498 4544 0
1299 4305 0
3235 121 0
3776 1153 0
2219 3161 0
2688 2669 0
2478 4159 0
4413 2590 0
797 1194 0
1044 1940 0
1034 2100 0
961 3304 0
2107 3421 0
2648 304 0
125 3210 0
2359 4515 0
3898 590 0
824 3070 0
4174 2535 0
299 3110 0
3351 1036 0
3715 782 0
203 3046 0
4175 219 0
1807 4188 0
1644 70 0
709 4499 0
2553 3650 0
805 4789 0
2060 1247 0
1039 498 0
3235 3439 0
1951 2757 0
3294 743 0
3587 1401 0
1387 648 0
4745 3307 0
1601 1470 0
252 3217 0
4753 3400 0
3889 955 0
1273 409 0
1501 281 0
2812 382 0
4009 3966 0
2735 2050 0
2697 2531 0
1204 1679 0
1609 1967 0
1644 4693 0
2921 2870 0
1897 239 0
3626 2175 0
4642 3652 0
233 1610 0
4075 1964 0
2732 1873 0
1316 4181 0
507 1231 0
3504 3044 0
497 1087 0
2729 2399 0
1426 358 0
3153 2890 0
4191 1171 0
1100 1552 0
3624 2598 0
3597 165 0
34 2127 0
655 106 0
1337 536 0
2117 3409 0
1703 1446 0
4691 1345 0
1990 4027 0
2558 3516 0
1570 3456 0
2657 2495 0
723 3970 0
866 1001 0
1802 1018 0
997 480 0
4329 2897 0
320 2545 0
2968 3811 0
1774 4854 0
917 1796 0
647 2941 0
2123 3904 0
4591 3366 0
2791 3303 0
3278 2125 0
4199 2762 0
833 4841 0
3827 3135 0
2512 2484 0
113 4459 0
2975 653 0
1108 4288 0
1256 1306 0
4788 1732 0
4520 1457 0
3236 276 0
3481 2425 0
960 1193 0
1633 3276 0
773 1627 0
1289 4576 0
2278 1443 0
1712 4263 0
1691 2981 0
129 2035 0
3005 2158 0
1762 4574 0
3344 1658 0
4334 1641 0
1952 3961 0
3110 2147 0
527 1362 0
2915 141 0
301 4713 0
272 3323 0
1993 4638 0
1429 4541 0
4551 1942 0
22 3775 0
883 1725 0
3422 494 0
2581 1931 0
1814 2204 0
3014 391 0
1851 2854 0
4737 2442 0
2767 1748 0
2685 4806 0
3022 3328 0
2746 262 0
1379 4219 0
218 3895 0
3164 2092 0
819 2856 0
3036 2298 0
4130 4238 0
2127 237 0
4514 2891 0
2723 1423 0
4125 2544 0
2742 921 0
642 1408 0
2826 2251 0
407 2423 0
4800 1052 0
401 4106 0
2244 1555 0
3810 2481 0
1861 3701 0
3154 4323 0
872 3360 0
4177 288 0
3901 1591 0
651 1845 0
2034 2431 0
4542 1212 0
3398 4105 0
1992 2530 0
1345 274 0
773 3693 0
2850 1063 0
2775 4349 0
2714 2701 0
1158 3985 0
823 2527 0
4683 2382 0
4643 505 0
2215 4476 0
1038 3861 0
4857 210 0
3177 1588 0
592 3315 0
3285 448 0
894 312 0
2779 623 0
3694 4016 0
3293 362 0
2743 1381 0
1612 3759 0
112 481 0
4124 1971 0
3655 3057 0
3445 76 0
2765 1449 0
172 4047 0
2324 4520 0
2673 3189 0
2940 670 0
74 4 0
4298 11 0
1856 427 0
3962 4169 0
2007 3373 0
3415 1484 0
3908 1602 0
4680 425 0
731 4410 0
3693 85 0
2503 995 0
2922 943 0
3581 4525 0
4355 3905 0
627 4108 0
4074 3779 0
1932 1054 0
212 737 0
727 3982 0
4562 4415 0
3066 1720 0
4575 2489 0
1257 3853 0
437 4335 0
1116 185 0
2790 4097 0
2175 2948 0
807 2199 0
2283 502 0
495 2341 0
4565 703 0
2113 621 0
4485 854 0
1477 2885 0
522 2783 0
2334 4250 0
2605 338 0
376 4533 0
163 3034 0
1888 3517 0
1671 1915 0
473 2685 0
1799 504 0
428 1384 0
93 2036 0
4095 1242 0
2817 87 0
3625 1697 0
284 1779 0
1733 700 0
1088 360 0
3589 2658 0
2391 4676 0
2378 583 0
986 3695 0
241 794 0
836 4295 0
1647 2898 0
709 2311 0
1952 2602 0
1594 1261 0
1884 3050 0
1885 412 0
332 3433 0
3385 2879 0
1275 1744 0
3810 2287 0
3632 2720 0
2402 3287 0
4476 2807 0
4342 1429 0
15 2063 0
379 4580 0
3023 3079 0
4643 4728 0
2988 4326 0
4716 3882 0
4397 4317 0
3667 3157 0
2127 4044 0
1732 2176 0
656 2568 0
1622 317 0
4679 4444 0
2357 2128 0
4406 2893 0
1119 1044 0
4194 4002 0
20 2843 0
3107 4132 0
2183 21 0
3191 4515 0
4570 2547 0
2971 2617 0
329 3404 0
2781 4819 0
3494 511 0
4524 2284 0
773 538 0
4081 2460 0
4792 3578 0
1698 2002 0
1918 2484 0
2195 221 0
2807 2996 0
656 4402 0
1627 676 0
3498 1641 0
4204 2448 0
1486 1672 0
2473 4423 0
1948 2692 0
3013 4 0
4725 4613 0
4183 3917 0
1238 3946 0
3539 796 0
3557 2573 0
1465 3901 0
1610 4296 0
4108 759 0
4672 952 0
2822 2030 0
2028 3136 0
2570 3912 0
749 2641 0
2522 527 0
2868 4841 0
10 3286 0
3094 3546 0
1461 1184 0
415 973 0
2670 2813 0
554 2182 0
889 630 0
3630 1386 0
1084 1835 0
2651 1854 0
4592 187 0
486 305 0
1692 1636 0
1604 1644 0
2382 3338 0
93 959 0
1973 1780 0
2949 2265 0
4340 718 0
4721 3302 0
1943 710 0
3623 40 0
2024 2507 0
109 1178 0
4360 2892 0
2177 3027 0
3903 2883 0
778 300 0
1425 371 0
4431 3877 0
914 4077 0
3239 2053 0
379 4057 0
2096 961 0
3452 3699 0
4292 2079 0
340 4180 0
41 4123 0
1312 4851 0
3464 138 0
4208 4715 0
545 3581 0
1440 1919 0
3388 3560 0
3942 3035 0
3939 3076 0
935 156 0
4302 1521 0
1423 4371 0
1055 1568 0
2528 3526 0
1616 1776 0
2186 1464 0
4841 23 0
2173 4843 0
4470 1604 0
1979 1826 0
56 515 0
2737 1259 0
1563 3296 0
3271 2269 0
1512 4303 0
54 31 0
3516 4043 0
3865 298 0
1977 4542 0
200 719 0
1275 1697 0
2145 891 0
2509 1252 0
167 698 0
4381 2576 0
2576 3322 0
3630 3243 0
1305 2706 0
1421 3676 0
989 2818 0
4678 3919 0
4070 2684 0
4439 3803 0
3139 1444 0
1125 1378 0
3290 3477 0
174 121 0
1536 4644 0
4415 2633 0
4167 4712 0
1639 1589 0
2967 1146 0
875 1214 0
3969 1401 0
3963 1955 0
1487 721 0
1765 1612 0
4192 3005 0
3977 2408 0
51 523 0
909 2774 0
1473 2336 0
1874 4033 0
4240 1595 0
1190 2576 0
3333 2814 0
1339 1021 0
3962 4394 0
855 4355 0
2704 1706 0
4558 2814 0
1222 3027 0
558 3982 0
2123 3818 0
2105 4284 0
4113 3302 0
1432 4320 0
35 1912 0
2253 194 0
2616 1097 0
3178 2559 0
1160 3459 0
2176 3502 0
990 146 0
859 3908 0
1519 4652 0
620 437 0
490 910 0
4231 3804 0
4432 4617 0
2127 3101 0
1286 1214 0
1774 3913 0
4009 1190 0
1545 961 0
289 4053 0
242 3807 0
3449 0 0
3360 1169 0
3053 2107 0
477 4167 0
2885 2311 0
3647 16 0
1378 3724 0
89 3327 0
1559 804 0
4274 3796 0
3130 1306 0
1015 216 0
3834 2225 0
1772 2057 0
2674 359 0
424 3447 0
127 1914 0
1282 2030 0
1487 940 0
1863 4309 0
4411 3139 0
1582 1110 0
3927 1365 0
1293 960 0
2119 2882 0
4684 553 0
1236 898 0
794 3671 0
447 1441 0
3424 737 0
3156 2951 0
2291 913 0
1347 4861 0
4110 1037 0
2476 1901 0
255 4278 0
2169 3817 0
1312 2257 0
1264 1903 0
3849 1765 0
1160 108 0
1540 99 0
2044 2174 0
450 140 0
3231 4478 0
2892 2960 0
4335 446 0
4411 4851 0
2668 143 0
2348 4405 0
4267 2823 0
3951 2482 0
4262 513 0
3071 2247 0
1622 3684 0
4023 3382 0
644 2729 0
3266 1996 0
220 3479 0
4436 577 0
4419 4177 0
663 2655 0
618 915 0
4329 2918 0
2979 313 0
580 2736 0
500 1537 0
2301 657 0
2666 2193 0
4274 129 0
3760 2492 0
1918 4221 0
2528 1281 0
2158 2474 0
3225 2132 0
57 2364 0
850 2338 0
3115 406 0
1262 143 0
867 1970 0
2448 3842 0
574 4036 0
2480 4323 0
2835 3866 0
3951 1187 0
1825 1351 0
3367 3837 0
1221 2432 0
71 1148 0
3313 582 0
2910 62 0
4057 70 0
117 247 0
2543 1661 0
418 2360 0
1554 3487 0
4314 1266 0
2306 3002 0
1031 2870 0
4632 4630 0
2138 318 0
1844 4193 0
2531 4785 0
4598 4360 0
863 1059 0
2865 1512 0
81 1755 0
1692 2342 0
4692 2010 0
3019 1371 0
4527 4633 0
4190 1525 0
4650 2065 0
2937 4570 0
3360 2176 0
884 3662 0
2262 3947 0
3795 2582 0
3960 1245 0
2512 4093 0
1303 3544 0
2202 694 0
3819 678 0
2454 4050 0
3239 634 0
60 1463 0
688 4219 0
2855 360 0
137 1643 0
3620 2380 0
3214 3719 0
393 305 0
4326 175 0
4040 400 0
947 3527 0
2627 1554 0
2187 3933 0
1122 4692 0
4396 1932 0
2787 743 0
1387 4640 0
2930 2972 0
1390 3578 0
634 1790 0
4635 695 0
58 2335 0
1232 1164 0
1051 2200 0
4437 3444 0
577 971 0
4623 3214 0
864 3691 0
1398 4032 0
1489 3647 0
3529 1697 0
2789 2850 0
0 2966 0
2681 79 0
4354 3643 0
3018 4059 0
2328 1284 0
4747 4483 0
1953 1828 0
53 168 0
4616 2221 0
3231 4504 0
2292 249 0
1742 1807 0
4030 330 0
3342 1790 0
1576 3757 0
1857 1162 0
2380 36 0
2680 2904 0
722 4099 0
2752 3080 0
2918 4507 0
3391 255 0
1385 2582 0
2687 874 0
4839 2210 0
4105 1663 0
4554 466 0
822 3590 0
77 4416 0
2370 793 0
1203 4216 0
4002 2600 0
1592 1809 0
3223 3392 0
3400 3357 0
2308 3724 0
4591 3012 0
3965 3100 0
4241 3627 0
3232 3301 0
4571 2203 0
1704 2569 0
3833 2015 0
4671 345 0
2057 4845 0
660 2584 0
4304 2505 0
4526 2818 0
1196 3495 0
2304 653 0
3786 592 0
3645 623 0
3993 3270 0
1645 1888 0
1919 2347 0
4161 3105 0
1738 1247 0
4771 2749 0
2281 233 0
3730 783 0
2780 3992 0
2093 3972 0
2793 1385 0
1037 2595 0
1681 1836 0
2264 4810 0
4034 3171 0
3859 2234 0
3150 2283 0
312 2645 0
4252 2014 0
521 295 0
3230 2231 0
4131 1316 0
2306 4791 0
470 4656 0
4013 648 0
4660 485 0
2405 801 0
616 4752 0
717 3561 0
4426 380 0
4247 2335 0
1072 628 0
3829 4473 0
4358 3971 0
2896 523 0
1697 1534 0
4669 4715 0
848 964 0
4013 1811 0
1972 2501 0
4707 3846 0
4562 4801 0
1452 2743 0
1639 338 0
1610 2342 0
2171 3373 0
4529 1100 0
2873 2981 0
2166 1209 0
510 4465 0
516 1660 0
2480 686 0
1169 67 0
2385 4392 0
2640 1475 0
3028 3541 0
1000 3162 0
4399 1442 0
2086 1779 0
3505 2930 0
4590 2859 0
150 1892 0
120 4530 0
985 1365 0
185 1267 0
3657 1447 0
30 3831 0
3295 1856 0
1920 1670 0
2127 3285 0
2133 2704 0
3037 4456 0
4131 1996 0
4722 527 0
1851 3999 0
751 3576 0
3491 575 0
3521 938 0
3668 4120 0
2486 1677 0
2725 2671 0
3598 685 0
3080 1605 0
4566 1211 0
1012 2686 0
1137 3925 0
2850 322 0
3704 2182 0
3068 4004 0
452 1169 0
4179 3201 0
712 4842 0
3664 3243 0
3108 3206 0
4525 583 0
2424 1876 0
2340 2420 0
1654 4364 0
1832 46 0
1596 1575 0
1748 3697 0
2016 1582 0
4129 2209 0
1612 568 0
3419 2089 0
1612 1199 0
2006 3683 0
4837 82 0
2781 1976 0
2537 2688 0
4587 520 0
1480 1715 0
4126 3915 0
4265 2379 0
3048 3961 0
441 397 0
1032 680 0
707 3563 0
440 2676 0
1794 2693 0
1576 420 0
3891 3313 0
300 4619 0
2029 1591 0
1585 2475 0
821 3104 0
4470 289 0
334 4017 0
3193 1085 0
3790 498 0
4015 752 0
2039 244 0
3447 2155 0
3139 1553 0
1105 3973 0
1601 2422 0
843 2141 0
3488 2783 0
3005 1089 0
1673 1442 0
1590 3791 0
1075 3311 0
2486 3418 0
2993 2390 0
1310 400 0
270 4233 0
2020 601 0
1179 3428 0
1291 4610 0
2184 1578 0
3250 4114 0
4013 3484 0
4284 2306 0
3313 3791 0
865 1946 0
2515 3691 0
2056 4468 0
2068 1917 0
1177 682 0
2293 4748 0
1424 3481 0
1777 1149 0
3408 1509 0
683 2484 0
4793 1214 0
1830 1148 0
3836 3937 0
52 3241 0
4526 4321 0
4145 2172 0
2588 1319 0
1264 454 0
1503 4151 0
1782 4688 0
944 2230 0
4582 1659 0
893 169 0
829 2084 0
1724 384 0
1343 202 0
2303 1619 0
3890 1267 0
3784 3691 0
1737 4299 0
1695 516 0
1251 3855 0
4707 593 0
3958 3369 0
1502 2241 0
1477 669 0
2203 1153 0
3546 675 0
2300 1090 0
560 533 0
1200 4748 0
1153 2675 0
990 2247 0
4798 4409 0
4181 1100 0
951 1780 0
3953 81 0
2525 289 0
1611 220 0
3117 4761 0
1258 4138 0
3333 531 0
4023 3150 0
1334 747 0
1074 282 0
1114 1314 0
2532 2882 0
872 4261 0
1684 3519 0
4485 1746 0
2238 626 0
2845 3384 0
2113 2570 0
2099 1438 0
2904 3367 0
3061 1863 0
4811 4543 0
1428 629 0
1639 962 0
1362 3372 0
2731 3833 0
2013 1848 0
3524 3380 0
3803 1394 0
3772 1700 0
1734 3902 0
2286 390 0
3834 344 0
1725 769 0
4364 2001 0
389 2386 0
2142 4180 0
2770 3366 0
496 3246 0
208 3399 0
121 4749 0
3587 2171 0
183 1160 0
1848 1962 0
3075 4704 0
188 4158 0
4648 3974 0
1739 1743 0
2933 3549 0
75 4352 0
4113 448 0
1723 2724 0
3983 1863 0
358 294 0
962 4806 0
4060 295 0
4051 1687 0
1698 3176 0
4752 4122 0
809 2027 0
4359 4345 0
3581 3157 0
852 1713 0
1087 407 0
3255 4430 0
2133 973 0
4330 3189 0
3296 614 0
1713 1960 0
2798 902 0
4018 2246 0
2674 2728 0
903 721 0
3825 3208 0
4114 1524 0
1917 2112 0
272 1221 0
4839 4017 0
1777 2247 0
2865 1828 0
1256 1587 0
3138 2097 0
574 248 0
989 3297 0
3307 4096 0
4820 3087 0
1127 4021 0
633 2324 0
446 1220 0
4694 931 0
995 3104 0
3870 4849 0
3398 4683 0
2019 3353 0
2984 2769 0
4232 2240 0
814 3349 0
4474 3060 0
4021 2639 0
2203 2650 0
1638 4310 0
895 4489 0
4234 2203 0
987 945 0
4511 1014 0
314 640 0
427 934 0
1010 3398 0
2512 4627 0
855 3415 0
3617 3541 0
1838 1713 0
2740 4730 0
1637 2526 0
1272 388 0
1793 2844 0
1865 2226 0
343 956 0
3010 2689 0
3711 456 0
3155 1777 0
3846 232 0
2323 4492 0
3299 2182 0
4823 3237 0
3500 2353 0
3587 4062 0
266 2879 0
2208 1773 0
3691 183 0
3247 4511 0
1526 4718 0
2493 1052 0
3012 1647 0
3000 2414 0
1101 1952 0
257 2621 0
1824 931 0
2754 4572 0
472 2043 0
1154 4746 0
1099 624 0
2807 2033 0
2564 1460 0
4379 3827 0
2548 1094 0
2178 1190 0
2404 4503 0
3562 413 0
2606 620 0
2068 3434 0
4397 1923 0
4818 2656 0
1522 3449 0
1378 2206 0
184 1771 0
762 329 0
4506 4316 0
4516 1816 0
2564 854 0
2892 4630 0
2664 1876 0
23 1443 0
306 2272 0
3063 956 0
1533 1401 0
381 2685 0
3591 695 0
4590 3300 0
738 3634 0
4760 2520 0
2157 2975 0
1382 362 0
4099 2108 0
2227 3418 0
3570 4463 0
92 1245 0
1071 937 0
3353 2205 0
3912 3473 0
4365 1026 0
2201 3423 0
411 944 0
451 1413 0
3452 1105 0
858 3989 0
3598 1684 0
990 95 0
1007 629 0
3565 601 0
2507 2752 0
4534 1605 0
1394 720 0
1201 2573 0
302 1181 0
1934 2546 0
2643 3574 0
2411 997 0
3095 4618 0
3401 3637 0
1956 3629 0
2241 1899 0
4204 1241 0
3827 2419 0
3005 1779 0
1984 2556 0
661 848 0
1593 2336 0
1463 2424 0
1622 3400 0
4350 2474 0
2028 4170 0
3314 800 0
2521 1493 0
4505 3731 0
4737 1295 0
3728 2 0
4223 2940 0
4185 1968 0
660 1314 0
3831 4460 0
3299 2795 0
4280 788 0
3681 74 0
2899 2396 0
4743 3361 0
818 1228 0
2890 995 0
3601 1800 0
1612 3318 0
2760 2132 0
4692 1883 0
1637 1367 0
4860 1424 0
4478 2847 0
3753 1717 0
2758 614 0
1984 4591 0
2269 3604 0
3607 4362 0
2413 1285 0
1962 3170 0
1650 1547 0
400 3075 0
1241 3383 0
301 1039 0
4429 4180 0
1704 1120 0
78 4021 0
2463 3439 0
1155 2353 0
794 1652 0
849 2923 0
4542 2255 0
428 1367 0
3140 2983 0
4653 3321 0
2089 977 0
2661 880 0
2982 3571 0
370 3636 0
4066 2025 0
1231 3996 0
2407 4455 0
113 3235 0
2770 3808 0
4623 491 0
1999 4263 0
1729 1026 0
2117 1877 0
1996 3557 0
206 4714 0
1212 4290 0
1642 4151 0
3252 2050 0
3188 3323 0
2051 647 0
213 2636 0
503 2354 0
1911 3256 0
3318 169 0
509 4269 0
714 4183 0
2481 4246 0
3645 180 0
1469 3143 0
230 3270 0
2975 3995 0
3394 4840 0
983 2651 0
2567 2506 0
4834 3426 0
2740 3257 0
620 0 0
2157 2848 0
3266 2459 0
3078 2127 0
1670 1436 0
1886 2428 0
2982 2953 0
238 4359 0
4750 622 0
417 1539 0
925 2946 0
3814 3057 0
726 3335 0
2052 2510 0
3033 2674 0
2991 3409 0
2577 460 0
984 1390 0
1838 1112 0
3017 2846 0
3798 2422 0
880 4450 0
3735 1735 0
3835 645 0
2081 2962 0
2726 2210 0
3762 102 0
1233 1895 0
3793 1537 0
1622 536 0
831 3953 0
2585 215 0
2347 4217 0
3809 1570 0
2213 2358 0
2150 4765 0
4437 3074 0
171 530 0
3181 1177 0
2957 1462 0
732 2939 0
4764 1454 0
1221 1681 0
3627 1745 0
3631 3346 0
4771 2992 0
3070 2984 0
541 2515 0
3618 4815 0
2607 326 0
2318 4478 0
2565 341 0
1387 266 0
2996 4499 0
1806 4423 0
972 1057 0
3112 3568 0
2604 3116 0
701 841 0
3355 4280 0
1112 2306 0
1428 2204 0
3324 3167 0
4832 1998 0
3933 2966 0
107 4833 0
2128 2681 0
1744 2764 0
2177 3668 0
1590 1773 0
4452 2841 0
1759 846 0
2158 1722 0
2046 3110 0
3204 3031 0
4297 1443 0
3252 153 0
720 2022 0
4387 2014 0
4237 1360 0
2374 2454 0
2620 2300 0
4693 620 0
2541 908 0
3581 4522 0
215 1321 0
854 86 0
3567 4805 0
4116 4769 0
3769 419 0
513 643 0
3422 2074 0
1451 671 0
3072 1942 0
1113 2156 0
2634 2015 0
2884 4502 0
331 2206 0
516 3746 0
900 541 0
73 2258 0
1599 4174 0
4555 3912 0
1315 783 0
2180 3949 0
2054 684 0
2332 2196 0
2818 4005 0
421 4827 0
1483 4530 0
1416 2898 0
831 517 0
3519 1376 0
3903 2511 0
1349 4194 0
4030 1285 0
715 660 0
2327 4708 0
685 309 0
164 2483 0
2852 2278 0
4492 3912 0
3261 596 0
476 1485 0
266 3606 0
4570 836 0
1687 2521 0
918 585 0
3615 1978 0
3265 663 0
256 499 0
1474 1742 0
237 4538 0
2311 1396 0
1763 4710 0
3225 1337 0
3166 2516 0
1524 4735 0
4556 1289 0
4117 2073 0
3650 1048 0
4820 4179 0
3950 2118 0
884 1075 0
205 365 0
121 3071 0
2077 2462 0
3769 2559 0
3094 2570 0
3766 1924 0
1621 1315 0
1835 1066 0
1433 4606 0
229 3161 0
4657 1276 0
1492 1042 0
4789 1961 0
4450 4328 0
3573 4068 0
2563 4428 0
1327 3649 0
1038 782 0
3717 2987 0
2507 1057 0
1709 3662 0
1485 3487 0
1003 2484 0
2434 1804 0
2108 4397 0
2824 991 0
2772 1653 0
2626 1086 0
4043 2449 0
4140 3594 0
1556 1530 0
4715 4635 0
2990 3837 0
1321 2765 0
4126 3938 0
543 1467 0
3356 1868 0
4595 2762 0
1165 1376 0
1989 2154 0
2481 41 0
261 3096 0
1182 2491 0
4487 4647 0
2029 1687 0
2009 2497 0
3251 4815 0
1492 2857 0
2739 107 0
3441 2370 0
465 10 0
3550 3413 0
4298 1741 0
3793 527 0
1827 1136 0
541 2249 0
3679 2490 0
1667 2573 0
1653 536 0
4554 2133 0
2945 1157 0
2065 1045 0
1466 172 0
3429 252 0
2724 2129 0
1167 1143 0
3975 749 0
4399 1400 0
4639 2712 0
527 1909 0
4501 1580 0
1969 4275 0
1966 680 0
3626 3012 0
3139 4818 0
1843 2127 0
2801 4385 0
1918 3343 0
529 4569 0
1862 1566 0
3050 3448 0
2602 3444 0
38 337 0
1083 2218 0
899 2679 0
2132 3844 0
4299 1500 0
938 4527 0
2310 3770 0
2723 2375 0
2798 4146 0
748 2205 0
1187 2356 0
454 2998 0
672 4766 0
4512 535 0
238 3240 0
4843 2111 0
2455 383 0
3114 1654 0
4446 304 0
2376 1733 0
2989 2504 0
2351 2886 0
2511 3513 0
150 2974 0
863 4480 0
2330 3527 0
1537 2693 0
2193 531 0
2896 67 0
1179 621 0
1815 2984 0
4729 226 0
1731 1471 0
803 97 0
1048 3724 0
3476 2239 0
3108 3896 0
1641 254 0
2929 4718 0
1706 207 0
2175 3588 0
3304 2389 0
3697 3038 0
1928 2860 0
1543 3343 0
1630 426 0
3276 2370 0
3710 2661 0
2193 2137 0
846 4341 0
4633 83 0
3552 1787 0
3094 2931 0
895 3682 0
2644 3486 0
904 2276 0
1077 4358 0
4476 4816 0
1629 4357 0
2642 4363 0
1454 3403 0
1298 853 0
2679 3388 0
1951 2766 0
1768 4756 0
468 3769 0
2506 2893 0
2003 895 0
4461 706 0
2458 2039 0
2273 3860 0
4568 2276 0
1384 205 0
2046 960 0
300 2243 0
4760 952 0
3374 2624 0
990 503 0
639 2655 0
2950 4135 0
2738 1209 0
2269 2613 0
2705 2113 0
1558 853 0
4623 3437 0
738 4679 0
2430 1175 0
4417 2264 0
2562 1954 0
3735 1451 0
2374 3040 0
2 2617 0
1389 3891 0
2027 1303 0
3916 1395 0
2779 3704 0
726 2832 0
1936 4850 0
2519 4601 0
2385 4485 0
486 700 0
126 2777 0
2708 3822 0
875 4807 0
3818 2253 0
4206 1307 0
3347 3108 0
1847 408 0
85 1647 0
4704 4157 0
3654 4160 0
4677 2503 0
1852 737 0
534 1143 0
1797 2107 0
3115 2069 0
4312 2806 0
1943 3125 0
396 226 0
3583 953 0
3592 1430 0
3501 2711 0
4859 599 0
1504 3037 0
3533 3899 0
3942 242 0
2005 1677 0
621 1054 0
3276 3188 0
663 1612 0
3969 720 0
1100 15 0
3535 1125 0
2900 1764 0
1228 4155 0
1445 4279 0
1913 1704 0
1382 2112 0
4772 1550 0
1980 990 0
3365 3516 0
2401 292 0
763 2692 0
366 4368 0
2874 2810 0
2997 3712 0
4445 634 0
3250 1615 0
1502 621 0
2750 3521 0
1540 3271 0
2950 3873 0
2813 4052 0
956 424 0
2604 4405 0
3340 1441 0
964 3878 0
2386 971 0
406 3074 0
3850 2047 0
4647 3848 0
1543 3090 0
1542 607 0
873 4605 0
3932 344 0
2505 1595 0
1989 500 0
3254 4211 0
94 4518 0
1893 87 0
2848 2649 0
1700 3276 0
108 3253 0
2064 843 0
742 670 0
4488 4231 0
2439 1278 0
4577 3920 0
2542 3269 0
3035 951 0
2039 2862 0
1876 115 0
2191 1347 0
2492 2435 0
199 2723 0
1481 533 0
807 1155 0
1644 3495 0
2116 4595 0
1539 3948 0
3988 610 0
3536 3313 0
642 101 0
426 2304 0
2750 1716 0
4850 4805 0
1751 3957 0
3529 4143 0
11 958 0
384 2713 0
2910 4181 0
4432 3242 0
2793 442 0
1100 1913 0
1397 1383 0
1171 501 0
3656 1366 0
458 1669 0
319 3012 0
458 1515 0
1053 1589 0
3477 3950 0
1827 1720 0
1679 2616 0
2785 1132 0
2283 2045 0
2123 67 0
867 3293 0
2575 4102 0
2348 908 0
1318 3737 0
2601 1200 0
1705 1921 0
1631 1930 0
487 2723 0
425 1753 0
3252 3150 0
4012 2043 0
2820 1660 0
4110 2390 0
1976 4181 0
3299 1270 0
1975 4341 0
4200 2679 0
1089 1647 0
1268 4390 0
1920 3858 0
2603 2915 0
864 4331 0
629 2122 0
4257 4234 0
943 1938 0
555 2313 0
2592 1972 0
4513 587 0
430 80 0
3384 898 0
4177 3021 0
4554 4340 0
2505 577 0
1574 2814 0
2700 1936 0
1451 2137 0
4355 983 0
277 156 0
2805 3083 0
4246 3842 0
2884 477 0
2089 366 0
3287 737 0
3363 1452 0
4823 752 0
1802 762 0
3870 3787 0
1451 4295 0
3308 3328 0
3431 3002 0
2780 2834 0
1998 246 0
1303 1492 0
2415 1181 0
4552 2070 0
749 402 0
3536 387 0
3414 4228 0
3770 458 0
1201 4648 0
4593 2812 0
2518 1733 0
2096 2869 0
4227 3574 0
827 4479 0
3243 4524 0
1741 3315 0
1297 1138 0
1489 2594 0
4630 1269 0
4052 4019 0
3023 4803 0
2747 1869 0
91 4179 0
2225 1207 0
116 2118 0
3172 4413 0
2371 1260 0
2929 2390 0
2681 2826 0
540 4741 0
155 2778 0
4421 4733 0
1181 2644 0
1176 1160 0
691 1196 0
259 809 0
2404 2332 0
2925 2304 0
1760 2019 0
165 4335 0
3987 1422 0
2712 2171 0
1530 1910 0
2760 2165 0
1974 1162 0
1785 2009 0
2527 3662 0
1581 2550 0
154 292 0
3795 3279 0
3310 3275 0
3900 2754 0
3027 3877 0
334 103 0
1164 3901 0
892 699 0
55 4232 0
2038 4478 0
1187 4715 0
4636 3545 0
2657 2814 0
2873 1092 0
4126 1296 0
622 2215 0
3376 1643 0
2028 1471 0
2158 856 0
3174 964 0
1861 1894 0
3783 2889 0
4104 616 0
1312 3171 0
2696 2237 0
4836 2317 0
4837 212 0
1367 1995 0
675 4590 0
2116 398 0
4608 2598 0
4846 3544 0
1669 2223 0
2122 1056 0
1244 1118 0
2923 1400 0
225 1128 0
1342 3437 0
251 4204 0
3703 3119 0
2477 4276 0
1483 2290 0
2408 1208 0
3680 4243 0
2468 739 0
642 383 0
3375 1690 0
1175 4049 0
964 2171 0
1877 1210 0
3039 4578 0
1330 1830 0
2000 3762 0
4380 1436 0
14 594 0
3947 614 0
4815 757 0
788 2035 0
3029 4383 0
1055 3961 0
2443 101 0
4187 1246 0
2128 4212 0
336 217 0
275 2900 0
3957 4181 0
3872 3822 0
2211 1558 0
4409 972 0
2506 1182 0
4841 1825 0
995 850 0
1045 2825 0
4389 2521 0
2260 4369 0
4220 4805 0
1665 3066 0
1847 3957 0
1038 4282 0
4096 2361 0
2714 4548 0
2834 4792 0
1094 393 0
2726 1167 0
2629 4671 0
3502 4155 0
2867 4577 0
4294 825 0
4776 887 0
4200 619 0
4108 1175 0
2911 3262 0
1453 2604 0
4734 778 0
1550 2422 0
401 2618 0
3203 3666 0
1428 940 0
1530 3772 0
3363 475 0
3100 3474 0
4658 2875 0
3733 3738 0
2046 2660 0
2223 3527 0
3395 371 0
1318 440 0
2224 3501 0
1336 130 0
1944 2918 0
4603 2479 0
3306 2082 0
3315 2695 0
2915 1273 0
996 3470 0
2818 4416 0
3045 4429 0
3005 613 0
4790 2133 0
3954 3867 0
1619 1154 0
1312 439 0
3529 893 0
2903 1498 0
2377 1924 0
3565 3153 0
2683 1390 0
2291 825 0
1300 489 0
743 3175 0
3499 2823 0
1579 1031 0
2505 3321 0
3254 2690 0
4415 3098 0
3338 934 0
956 4655 0
1382 4097 0
670 4332 0
2876 653 0
1033 955 0
2789 3475 0
2614 2746 0
660 457 0
3086 3074 0
649 4797 0
760 4399 0
3463 1911 0
4335 4637 0
391 602 0
2007 2031 0
2734 2892 0
2065 1878 0
893 791 0
4429 1040 0
2120 1038 0
2975 4526 0
1257 3315 0
4822 2203 0
181 3864 0
1801 4442 0
2479 4037 0
2418 3087 0
3324 474 0
2175 4161 0
407 2741 0
4135 3294 0
1862 4438 0
3707 3711 0
3277 449 0
3197 4846 0
2401 4260 0
4404 3046 0
863 314 0
0 3353 0
2110 4719 0
2860 3191 0
1219 4421 0
1218 174 0
1395 3958 0
931 237 0
1102 1115 0
2518 3566 0
3514 4108 0
1313 1587 0
2494 457 0
982 3472 0
112 1177 0
4336 233 0
1201 4144 0
1630 4157 0
1047 534 0
2719 1763 0
3115 2054 0
2703 3860 0
4821 3989 0
3457 1962 0
2580 3348 0
4493 1063 0
242 694 0
556 249 0
