967 2062 1
4494 4774 1
4774 4494 1
4640 3798 1
4089 3876 1
4774 3876 1
4089 3772 1
3923 967 1
3876 4774 1
2062 967 1
4196 4692 1
4434 1509 1
1509 4434 1
1778 3630 1
4071 4256 1
3630 1294 1
4291 4434 1
4434 4291 1
4757 3261 1
3347 4444 1
4444 3347 1
4434 4444 1
4444 4434 1
2551 4434 1
4434 2551 1
3876 4434 1
4332 4169 1
3793 4565 1
4565 3793 1
4522 4832 1
4332 3793 1
3793 4332 1
4522 4837 1
2071 4409 1
4494 429 1
429 4494 1
4444 945 1
4640 4792 1
4792 4640 1
2804 3252 1
2804 3157 1
4089 2915 1
2551 2891 1
2891 2551 1
2484 4434 1
4434 2484 1
4089 3724 1
4434 4372 1
4372 4434 1
23 851 1
4071 2915 1
2915 4071 1
4071 4444 1
4444 4071 1
4071 3876 1
3876 4071 1
4728 4434 1
3440 4521 1
4521 3440 1
2062 4506 1
4506 2062 1
967 4089 1
4089 967 1
4785 4692 1
4785 4784 1
4692 4785 1
4565 4774 1
4444 1908 1
1908 4444 1
4071 2118 1
2118 4071 1
3607 2129 1
2793 4071 1
4071 2249 1
2249 4071 1
4774 4565 1
4071 136 1
136 4071 1
2071 4071 1
4640 3777 1
967 3059 1
3059 967 1
1990 851 1
851 1990 1
2569 4798 1
4071 4180 1
4180 4071 1
2238 429 1
429 2238 1
1294 3617 1
98 4316 1
4316 98 1
4824 3469 1
1678 1482 1
4434 4240 1
4240 4434 1
2551 851 1
851 2551 1
4071 4693 1
4693 4071 1
1294 3630 1
3630 1990 1
1990 3630 1
1990 3219 1
3219 1990 1
4564 945 1
4693 2863 1
4434 4789 1
4789 4434 1
4773 2571 1
2571 4773 1
4169 3347 1
3347 3384 1
1594 4132 1
1646 1894 1
4640 2933 1
4628 2933 1
2933 4628 1
4434 2915 1
2915 4434 1
4342 172 1
4162 4071 1
4071 4162 1
4494 4048 1
4143 1899 1
4143 2323 1
4143 4056 1
4143 2561 1
4494 4565 1
4565 4494 1
4132 1594 1
4132 2698 1
4132 3996 1
3793 2915 1
2915 3793 1
2891 945 1
4169 2335 1
2335 4169 1
4169 2891 1
2891 4169 1
2494 851 1
851 2494 1
4071 2010 1
2010 4071 1
504 4201 1
4201 504 1
4180 4385 1
4048 4494 1
4071 2571 1
4169 1862 1
1862 4169 1
4169 38 1
1154 38 1
1862 4257 1
4257 1862 1
4434 1862 1
1862 4434 1
2933 4076 1
1899 4015 1
2571 4478 1
1990 4823 1
2935 4089 1
4089 2935 1
4434 3787 1
3787 4434 1
4478 2571 1
4478 1774 1
2698 4132 1
2551 3735 1
3735 2551 1
2953 3777 1
3777 2953 1
4339 4196 1
851 23 1
3653 498 1
2891 3347 1
3347 2891 1
4048 1294 1
4506 851 1
851 4506 1
4071 4393 1
4287 4180 1
4393 4071 1
2323 3697 1
4756 3697 1
3697 2323 1
3697 4756 1
3082 4071 1
4071 3082 1
4071 1958 1
1958 4071 1
4143 4071 1
2238 2062 1
3641 2571 1
2571 3641 1
2062 2238 1
4738 1862 1
4738 23 1
2222 2933 1
2222 4076 1
4013 4071 1
4693 3399 1
945 4693 1
4693 945 1
4506 4018 1
4018 4506 1
1294 1778 1
2010 93 1
4494 2062 1
4196 754 1
754 4196 1
4434 4785 1
4169 2430 1
4580 4169 1
4581 4839 1
4581 2863 1
945 3347 1
4581 4733 1
851 3653 1
2199 4180 1
2199 4753 1
3724 4071 1
4071 3724 1
2583 241 1
3777 4397 1
4397 3777 1
945 2006 1
2006 945 1
945 4509 1
4509 945 1
945 3793 1
4018 945 1
4368 4257 1
4257 4368 1
4565 1355 1
477 2430 1
1594 2260 1
2260 1594 1
3744 16 1
4071 4240 1
4581 23 1
2571 4581 1
4581 2571 1
4089 2972 1
2972 4089 1
3777 4159 1
4159 3777 1
967 4132 1
3125 3168 1
4132 967 1
499 4173 1
4173 499 1
499 3625 1
3625 499 1
4169 499 1
499 3812 1
3812 499 1
4071 3625 1
4071 2402 1
2402 4071 1
3650 477 1
4565 3607 1
3607 4565 1
1834 4196 1
662 4565 1
4565 662 1
504 1684 1
1684 504 1
4071 3777 1
3777 4071 1
4196 1834 1
2571 3580 1
2071 4132 1
3580 2571 1
312 4132 1
3715 945 1
241 2583 1
2002 945 1
2335 127 1
127 2335 1
500 945 1
3399 4071 1
4071 3399 1
3842 23 1
945 500 1
4132 4101 1
4132 312 1
3617 1294 1
3724 4839 1
4839 3724 1
4089 945 1
4071 4212 1
4071 3411 1
4785 4071 1
500 4462 1
2569 23 1
3399 4089 1
4089 3399 1
945 4462 1
4462 945 1
2238 2571 1
3348 2571 1
1834 3339 1
4462 500 1
3625 4820 1
4240 4773 1
4773 4240 1
835 500 1
4581 4240 1
4240 4581 1
500 835 1
4169 2260 1
2260 4169 1
4169 4581 1
4581 4169 1
3746 4581 1
4581 3746 1
23 3861 1
3861 23 1
4785 4434 1
4169 3625 1
3625 4169 1
4482 23 1
4169 4462 1
4071 3704 1
3704 4071 1
3299 2118 1
2118 3299 1
499 4846 1
4846 499 1
4201 499 1
499 4201 1
4240 835 1
835 4240 1
4071 4213 1
3603 4846 1
4846 3603 1
4169 3709 1
3709 4169 1
4213 4071 1
4820 3625 1
4132 91 1
499 500 1
500 499 1
4169 3995 1
3995 4169 1
597 4733 1
4733 597 1
91 4132 1
2199 16 1
3059 2199 1
477 3650 1
4506 1346 1
1346 4506 1
2238 3338 1
3338 2238 1
504 23 1
23 504 1
4462 16 1
2238 4071 1
4071 3544 1
4183 3544 1
3544 4071 1
2238 2426 1
2426 2238 1
3348 1865 1
1865 3348 1
3348 945 1
4839 3787 1
3787 4839 1
38 2116 1
2116 38 1
1990 1785 1
23 4581 1
3348 3617 1
2571 4240 1
4240 2571 1
4169 16 1
3348 4169 1
297 3348 1
3348 297 1
4169 1489 1
4169 4580 1
4506 4240 1
4565 2062 1
3544 4857 1
3347 2551 1
3348 4839 1
4839 3348 1
4773 1865 1
1865 4773 1
4071 38 1
91 3793 1
3793 91 1
4201 91 1
91 4201 1
945 3625 1
945 4506 1
504 4738 1
1350 92 1
3501 3476 1
91 3986 1
2330 967 1
4071 1489 1
4071 4580 1
3618 3735 1
499 4733 1
4733 499 1
3618 1489 1
3618 4580 1
4089 4204 1
597 2571 1
2571 597 1
1502 4089 1
3348 4788 1
4788 3348 1
4506 4788 1
4788 4506 1
1785 1846 1
91 3347 1
3347 91 1
4506 3509 1
3509 4506 1
4506 4462 1
4462 4506 1
2571 4378 1
4462 2571 1
91 1350 1
4638 1785 1
4506 3625 1
3625 4506 1
1350 4071 1
967 4409 1
1785 4580 1
4462 3347 1
4733 4580 1
1785 2206 1
4462 4240 1
4378 2571 1
3793 2256 1
3607 1678 1
4378 4773 1
4773 4378 1
477 6 1
2751 498 1
2569 6 1
2247 4757 1
4757 2247 1
4444 4591 1
3744 4506 1
4506 3744 1
3 424 1
4785 4506 1
4506 4785 1
2260 4839 1
4839 2260 1
2238 4509 1
4509 2238 1
2071 1274 1
38 4169 1
477 1684 1
1684 477 1
4019 159 1
159 4019 1
5 4750 1
4071 1697 1
4071 4169 1
1846 1785 1
2709 4143 1
2709 3157 1
2571 477 1
477 2571 1
4089 3995 1
4089 4521 1
4521 4089 1
4506 878 1
4706 4506 1
3744 2335 1
3 1274 1
2062 4494 1
4738 2956 1
2956 4738 1
23 4341 1
1564 2260 1
4196 3625 1
1589 4733 1
4291 3849 1
1594 1589 1
967 233 1
4733 1589 1
4071 4195 1
3777 4085 1
4085 3777 1
233 967 1
4071 3926 1
3926 4071 1
403 2929 1
3735 403 1
403 3735 1
1785 2826 1
3617 4089 1
4089 3617 1
2571 2799 1
2571 3406 1
3618 4733 1
4733 3618 1
4071 477 1
3653 4097 1
4097 3653 1
4427 4564 1
4564 4427 1
4564 4785 1
4785 4564 1
4506 3876 1
3876 4506 1
4071 4785 1
4506 3738 1
3738 4506 1
1678 3735 1
3735 1678 1
4071 4836 1
3995 1726 1
1726 3995 1
4071 2677 1
2677 4071 1
2062 3618 1
4316 4754 1
4754 4316 1
23 4589 1
172 4625 1
4589 2252 1
4733 4240 1
4240 4733 1
499 3735 1
3735 499 1
499 3347 1
4506 3735 1
3735 4506 1
4506 945 1
3995 1424 1
1424 3995 1
3735 4089 1
4089 3735 1
1424 4740 1
4740 1424 1
4706 4169 1
3618 477 1
477 3618 1
4169 878 1
2206 1580 1
4506 141 1
3738 2571 1
2571 3738 1
1684 967 1
1294 2571 1
3735 3618 1
1308 2586 1
1308 1108 1
1778 4790 1
4733 4790 1
1294 477 1
499 3910 1
4071 4790 1
2709 4355 1
4071 4328 1
499 3738 1
3738 499 1
4425 4328 1
4425 3006 1
3006 4425 1
2027 4785 1
4785 2027 1
4262 3469 1
504 4071 1
4071 504 1
613 1108 1
2256 3793 1
4071 614 1
1351 4756 1
4071 4441 1
4441 3006 1
477 4071 1
4071 1778 1
1778 4071 1
2329 499 1
499 2329 1
3653 851 1
4071 1607 1
4494 4071 1
38 4089 1
4089 38 1
4494 4733 1
4693 3618 1
4494 4301 1
3348 16 1
2863 4620 1
4620 2863 1
4785 4201 1
3630 579 1
4144 4389 1
4773 3406 1
3406 4773 1
4019 4089 1
4089 4019 1
259 4089 1
4089 259 1
4839 4089 1
4089 4839 1
3347 3806 1
3806 3347 1
3406 4733 1
3793 3735 1
3735 3793 1
3403 2091 1
2091 3403 1
4196 2109 1
3793 2091 1
2091 3793 1
4733 2091 1
4196 1108 1
2091 4733 1
4007 2335 1
2335 4007 1
1684 4132 1
1684 4316 1
1990 4316 1
4733 1294 1
4089 1502 1
967 3612 1
3612 183 1
1599 2803 1
1272 4240 1
1272 4071 1
4756 1351 1
2541 1308 1
2309 3777 1
3777 2309 1
4494 1778 1
4393 3348 1
1294 3219 1
3724 3618 1
3618 3724 1
3625 4196 1
4799 3467 1
4638 38 1
4716 4834 1
4071 3219 1
2247 38 1
4738 16 1
2569 1294 1
4785 4462 1
2238 1951 1
23 2956 1
683 3440 1
3440 683 1
3653 2494 1
4733 4581 1
1678 1108 1
4434 1108 1
3399 3618 1
3399 4693 1
2494 3653 1
4071 4839 1
4839 4071 1
4434 2586 1
4506 3995 1
3995 4506 1
1942 38 1
3630 4169 1
4434 4790 1
945 4790 1
2171 1796 1
4169 3630 1
38 4733 1
4733 270 1
3358 4823 1
4823 3358 1
1594 3618 1
3618 1594 1
270 4733 1
2256 4465 1
38 1942 1
4071 3618 1
3618 4071 1
4565 3125 1
4565 4240 1
1594 1483 1
477 1294 1
4240 4565 1
71 4078 1
491 4733 1
4799 1230 1
1684 4071 1
4733 491 1
4733 4785 1
4785 4733 1
477 1230 1
3348 1778 1
1294 3348 1
1470 3876 1
4839 4733 1
159 1955 1
4071 1684 1
4799 4434 1
3400 4316 1
1990 3172 1
2071 902 1
488 150 1
150 847 1
1272 259 1
259 1272 1
967 3301 1
579 3630 1
3433 1442 1
3433 1426 1
3433 1536 1
1002 382 1
1002 1688 1
4733 4839 1
1319 161 1
1294 3704 1
3704 4799 1
4462 4393 1
4393 4462 1
4434 4406 1
4434 1990 1
1990 4434 1
4071 291 1
3433 161 1
2561 161 1
4399 161 1
4085 161 1
3433 1319 1
3433 3 1
3433 1899 1
1594 1990 1
1990 1594 1
1899 161 1
4462 4785 1
4565 4393 1
3801 4089 1
4089 3801 1
4393 4565 1
1308 950 1
4434 3433 1
4434 2470 1
2173 2470 1
4434 3 1
4071 161 1
4462 4121 1
1308 4823 1
4799 1868 1
4389 2462 1
4434 4560 1
2335 4770 1
4434 4606 1
3 4071 1
4071 3 1
4071 4089 1
4089 4071 1
3 4434 1
4406 3625 1
4434 2414 1
4089 2863 1
1944 23 1
2006 4071 1
504 1594 1
1369 4111 1
4733 3006 1
3006 4733 1
4071 3509 1
4071 1304 1
3625 4071 1
4071 2520 1
504 2956 1
2956 504 1
2569 504 1
3479 237 1
237 3479 1
4196 2171 1
2171 4196 1
4236 4071 1
4071 4236 1
1990 3091 1
4169 3580 1
3580 4169 1
2561 1841 1
4236 36 1
36 4236 1
4071 2894 1
1684 1778 1
3125 3013 1
3013 3125 1
4640 1841 1
1841 4640 1
3704 1294 1
4183 3626 1
3626 4183 1
2309 4071 1
4071 2309 1
4071 729 1
36 1684 1
1684 36 1
4740 4183 1
4183 4740 1
1990 3554 1
4740 1785 1
1785 4740 1
1899 284 1
4169 2243 1
4240 4494 1
4494 4240 1
145 3013 1
3013 145 1
3013 1294 1
1899 1676 1
4316 1294 1
3580 4089 1
4089 3580 1
237 4378 1
2571 3954 1
4378 237 1
4237 4215 1
4169 4248 1
4121 4462 1
3580 945 1
945 3580 1
4427 237 1
237 4427 1
2071 4506 1
4565 1002 1
579 3348 1
579 1785 1
3618 2062 1
1002 4565 1
1272 4089 1
3618 4378 1
4378 3618 1
3630 1745 1
4169 4740 1
4740 4169 1
4509 237 1
237 4509 1
4740 237 1
237 4740 1
4522 4399 1
4399 4522 1
237 2915 1
3618 2915 1
2915 237 1
945 4089 1
2247 3348 1
4183 4071 1
4839 4581 1
4827 4000 1
4000 4827 1
3603 237 1
4169 237 1
237 4169 1
237 4738 1
4738 237 1
3625 3339 1
4089 3440 1
3440 4089 1
23 1710 1
3594 3440 1
3440 3594 1
4000 2256 1
2256 4000 1
4013 4378 1
4378 4013 1
945 1594 1
1402 2238 1
4827 4089 1
4089 4827 1
3891 3617 1
3617 3891 1
3806 579 1
579 3806 1
1834 945 1
945 1834 1
4427 945 1
1455 2241 1
2241 1455 1
4169 4754 1
4754 4169 1
3793 4844 1
4844 3793 1
1319 138 1
2894 4071 1
2071 656 1
7 656 1
3440 4733 1
2252 1988 1
2252 4633 1
4316 3793 1
403 3603 1
3603 403 1
1988 2252 1
4071 32 1
32 4071 1
4740 4733 1
4733 4740 1
4733 3580 1
3580 4733 1
1865 2915 1
945 3603 1
3603 945 1
4733 3806 1
3806 4733 1
4733 656 1
4733 4089 1
4089 4733 1
2915 1865 1
504 4733 1
4733 504 1
4733 4565 1
4733 2551 1
2551 4733 1
945 967 1
2071 1537 1
4089 3090 1
3403 967 1
4089 2826 1
499 1799 1
2173 4089 1
4089 2173 1
4565 1684 1
4565 4733 1
380 4089 1
4089 380 1
4201 4785 1
4733 4464 1
2569 4733 1
2569 2256 1
4754 967 1
967 4754 1
2933 3678 1
4509 23 1
2318 3678 1
4071 3678 1
4071 3424 1
4071 104 1
104 4071 1
4240 4462 1
4169 4089 1
4089 4169 1
4071 4462 1
2062 4462 1
4406 4434 1
4733 2571 1
2571 4733 1
3347 4462 1
2242 3873 1
3873 2242 1
3873 2306 1
3793 3125 1
3125 3793 1
2256 1594 1
4000 3793 1
3793 4000 1
172 3594 1
3625 945 1
1684 4565 1
4071 1942 1
3682 4733 1
4733 3682 1
1461 504 1
504 1461 1
4733 172 1
172 4733 1
4733 3125 1
3125 4733 1
4640 4143 1
1763 967 1
4071 4521 1
4733 3440 1
4733 1942 1
1942 4733 1
2778 1684 1
1684 2778 1
4733 3347 1
3347 4733 1
4733 4427 1
4427 4733 1
1899 3861 1
3348 1537 1
938 2306 1
1537 3348 1
2062 1958 1
1958 2062 1
2238 3709 1
4089 3217 1
2062 4565 1
4733 3801 1
3801 4733 1
4434 1616 1
4144 3891 1
2006 683 1
683 2006 1
4389 1908 1
1908 4389 1
3348 1799 1
4201 2091 1
2091 4201 1
4169 1778 1
2238 4440 1
4440 2238 1
4441 4089 1
237 3603 1
4071 4625 1
3793 4131 1
2571 237 1
237 2571 1
401 237 1
237 401 1
4316 3735 1
2238 4631 1
4631 2238 1
4506 3793 1
3793 4506 1
1879 1799 1
237 504 1
504 237 1
237 117 1
117 237 1
237 3580 1
237 1594 1
3580 237 1
3793 1594 1
1594 237 1
4196 4191 1
4316 4236 1
4236 4316 1
3116 967 1
4389 4579 1
4733 945 1
945 4733 1
4823 3006 1
3618 4631 1
4631 3618 1
477 4799 1
237 4515 1
4169 3125 1
3125 4169 1
4403 237 1
237 4403 1
4565 4094 1
4094 4565 1
4089 4740 1
4740 4089 1
4169 1684 1
2863 683 1
683 2863 1
23 1197 1
4434 1678 1
1795 1796 1
3433 4434 1
683 3242 1
4733 1799 1
3630 2894 1
1778 4169 1
4071 3242 1
4733 3735 1
3735 4733 1
3891 3972 1
145 1799 1
3972 3891 1
4733 1365 1
1365 4733 1
4733 4494 1
4733 38 1
4616 16 1
1594 3348 1
1684 1594 1
1684 4169 1
1990 4494 1
1197 23 1
4389 4631 1
4631 4389 1
4434 3425 1
3891 2915 1
2071 945 1
2256 2569 1
1990 4750 1
3891 4750 1
2183 297 1
4733 4393 1
4393 4733 1
3406 3891 1
3891 3406 1
938 3969 1
4823 159 1
3348 4733 1
1684 4665 1
3348 2430 1
1684 4733 1
4750 1990 1
4733 1684 1
3348 3704 1
2778 477 1
1308 2751 1
1308 2069 1
4434 1894 1
4434 1308 1
945 4434 1
3425 4434 1
1678 3561 1
1678 3219 1
1678 4434 1
4823 4733 1
4733 4823 1
4733 3425 1
3425 4733 1
1865 3891 1
3891 3873 1
3891 1865 1
1594 1684 1
3793 504 1
504 3793 1
2915 3618 1
2551 3891 1
2551 4296 1
4296 2551 1
3594 172 1
3242 237 1
3242 4509 1
3242 4318 1
4318 3242 1
4509 4389 1
4389 4509 1
2071 1594 1
2569 1962 1
4565 3013 1
4521 3806 1
3806 4521 1
23 1482 1
1482 23 1
4071 3347 1
3891 4144 1
4071 3967 1
3242 4258 1
4258 3242 1
1461 32 1
32 1461 1
4440 2256 1
2256 4440 1
4665 1684 1
2256 1461 1
3873 3891 1
4169 4846 1
4846 4169 1
4565 3891 1
3891 4565 1
1684 2863 1
3891 2247 1
2247 3891 1
3013 4565 1
297 4750 1
4750 297 1
1841 3798 1
4169 4266 1
4266 4169 1
1594 1537 1
1537 1594 1
4378 2249 1
2249 4378 1
945 1684 1
3735 3891 1
23 1346 1
4565 1346 1
1482 1319 1
1319 1482 1
945 3891 1
424 3630 1
2551 4521 1
4521 2551 1
1899 3777 1
3777 1899 1
237 2956 1
4013 3891 1
3891 4013 1
4240 150 1
3469 4262 1
3469 1482 1
3469 4092 1
3469 950 1
3469 1108 1
3469 2586 1
3469 2129 1
3469 1980 1
3469 442 1
4565 2077 1
3469 1639 1
2077 4565 1
4236 842 1
842 4236 1
1899 3287 1
3287 1899 1
1908 3891 1
3630 945 1
3348 1594 1
3348 1684 1
1684 3348 1
3348 6 1
1684 16 1
3433 4797 1
4797 3433 1
4494 3397 1
3397 4494 1
4434 2571 1
2571 4434 1
2571 3630 1
2571 4201 1
4201 2571 1
4494 2551 1
2551 4494 1
2933 3777 1
3777 2933 1
4494 2571 1
2571 4494 1
1944 58 1
3891 499 1
499 3891 1
3399 2571 1
2571 3399 1
4773 4506 1
4506 4773 1
4071 4183 1
4262 2260 1
4513 23 1
3400 1899 1
4434 4439 1
1500 4470 1
3891 1908 1
3242 3891 1
3580 3793 1
2915 3090 1
3090 2915 1
3406 2956 1
2956 3406 1
3891 4589 1
4589 3891 1
3744 2915 1
2915 3744 1
4169 4565 1
3630 2571 1
4565 2067 1
4565 4406 1
3793 945 1
3891 297 1
297 3891 1
4000 1594 1
4262 1108 1
4262 2586 1
945 1778 1
945 3630 1
2249 2006 1
945 4494 1
945 4521 1
2006 2249 1
4645 4339 1
4521 945 1
3 654 1
1319 3838 1
3838 1319 1
4406 1778 1
1778 2956 1
2956 1778 1
4406 4565 1
3618 945 1
2002 2066 1
2066 2002 1
4693 3891 1
4238 237 1
237 4238 1
3815 3433 1
1678 613 1
4439 4434 1
4757 3 1
3 4757 1
4169 3 1
3 4169 1
2956 3 1
3704 3348 1
1319 0 1
3219 3 1
3 3219 1
3891 1346 1
1350 3 1
3 1350 1
3607 2586 1
3469 58 1
3607 58 1
4521 4393 1
4393 4521 1
4716 4071 1
967 6 1
967 58 1
4823 945 1
3815 3 1
3815 150 1
477 1951 1
3891 4716 1
4716 3891 1
3348 477 1
3891 2256 1
2256 3891 1
1684 3704 1
3704 1796 1
4262 58 1
4565 4296 1
4296 4565 1
3507 58 1
3891 3815 1
4071 3891 1
3433 4716 1
3891 3735 1
424 3399 1
1402 424 1
3704 3440 1
3440 3704 1
3399 424 1
1785 3261 1
4434 4111 1
3548 4048 1
4733 1796 1
4240 1684 1
1684 4240 1
3704 1684 1
1616 4216 1
4216 1616 1
4823 4169 1
1899 3400 1
477 16 1
3561 1643 1
3891 424 1
3744 4509 1
4509 3744 1
2747 2309 1
2309 2747 1
4071 4131 1
3580 3744 1
3744 3580 1
3793 3891 1
4565 3630 1
3630 4565 1
3607 1308 1
3607 3469 1
3607 2569 1
3607 3100 1
3891 3793 1
4007 4089 1
4089 4007 1
4196 4645 1
4645 4196 1
4565 2915 1
2915 4565 1
1903 23 1
237 4013 1
4013 237 1
237 1799 1
1594 945 1
1594 2152 1
2541 1165 1
4823 4494 1
4393 237 1
237 4393 1
1899 4143 1
3891 4378 1
4773 4169 1
4169 4773 1
3891 4007 1
4097 3400 1
3 1564 1
1564 3 1
477 1308 1
4086 3891 1
3891 3078 1
3078 3891 1
3815 3891 1
3469 4823 1
4823 3469 1
2010 0 1
4071 3273 1
2071 1337 1
2071 58 1
4089 3603 1
3603 4089 1
967 1980 1
2071 4494 1
2071 4733 1
1684 3603 1
3603 1684 1
1446 23 1
1446 727 1
1446 1169 1
3348 3630 1
967 2413 1
4823 3891 1
3891 4823 1
3618 4693 1
1294 1684 1
2571 2285 1
3630 3348 1
3793 4169 1
4169 3793 1
4169 3815 1
4494 4823 1
3793 1778 1
4494 2915 1
2915 4494 1
2413 967 1
4521 4240 1
4240 4521 1
1274 0 1
3806 3891 1
4494 3891 1
3891 4494 1
3891 3806 1
3891 3682 1
1684 4183 1
4183 1684 1
3891 4086 1
4183 4316 1
4316 4183 1
1692 1980 1
23 4513 1
3891 4183 1
4183 3891 1
3815 1843 1
3580 3891 1
3891 3580 1
477 3793 1
3793 477 1
3891 1684 1
3891 3855 1
3855 3891 1
1684 3891 1
3891 2956 1
4183 4434 1
4169 3217 1
2071 2916 1
2778 2675 1
4494 4152 1
4152 4494 1
81 3507 1
4565 4169 1
3724 4766 1
4766 3724 1
1308 2173 1
4071 945 1
3891 2778 1
4127 4117 1
3399 1799 1
3793 4378 1
3607 4434 1
4434 58 1
4434 81 1
4378 3891 1
4378 3793 1
1594 4169 1
1594 3793 1
2751 3561 1
2571 4169 1
3607 498 1
498 3607 1
498 3561 1
3347 393 1
393 3347 1
4262 302 1
3724 4258 1
4258 3724 1
4262 0 1
1308 1671 1
3793 3242 1
3242 3793 1
150 3815 1
4589 23 1
1319 4131 1
3775 3806 1
3806 3775 1
3724 2430 1
3891 4393 1
4393 3891 1
3793 3630 1
3630 3793 1
1990 3793 1
3724 4296 1
4262 4824 1
504 2010 1
4169 3724 1
4824 4262 1
1785 1294 1
1294 1785 1
2010 504 1
4169 4132 1
3793 4620 1
4620 3793 1
2010 4315 1
2571 2864 1
23 1599 1
1599 23 1
4617 2551 1
4773 4638 1
4638 4773 1
1785 16 1
4089 4620 1
4620 4089 1
3348 4749 1
4749 3348 1
3793 2928 1
3 4823 1
4827 3348 1
3348 4827 1
3348 3347 1
3347 3348 1
3724 4089 1
2006 2551 1
81 1959 1
2551 2006 1
1990 1980 1
2915 1778 1
1684 945 1
1990 4799 1
1294 1990 1
1785 945 1
1294 945 1
4262 3441 1
4262 1482 1
3724 4169 1
4565 3724 1
579 1246 1
1246 579 1
579 4403 1
4403 579 1
4089 3347 1
2864 2571 1
2894 4638 1
1785 3793 1
4638 2894 1
3775 4434 1
4434 3775 1
4494 4827 1
4827 4494 1
4393 4378 1
4378 4393 1
81 2225 1
4799 2430 1
3561 2238 1
3561 1308 1
3561 498 1
3561 1468 1
3561 81 1
3561 3607 1
3561 4823 1
3561 2751 1
4007 4494 1
1308 3362 1
3622 4262 1
2569 4019 1
1862 23 1
3775 4071 1
4827 3561 1
4071 3775 1
4439 4494 1
4494 2863 1
504 4089 1
3724 172 1
2010 3724 1
3724 2010 1
172 3724 1
2751 2154 1
2751 1980 1
2751 1643 1
2751 1678 1
4169 4427 1
3793 2010 1
2010 3793 1
3793 4013 1
4494 351 1
4827 2430 1
2010 2130 1
3607 2571 1
4494 3724 1
3622 1616 1
3775 3561 1
4427 4393 1
4393 4427 1
3775 4395 1
4434 1785 1
4494 4393 1
4494 3622 1
4393 4494 1
2569 3622 1
477 2569 1
3 2010 1
2010 3 1
1616 1962 1
1616 3647 1
1616 3622 1
4799 4494 1
3618 4152 1
4152 3618 1
4441 4152 1
4152 4441 1
4169 4 1
4 4169 1
4441 967 1
967 4441 1
2206 4565 1
1942 3793 1
3793 1942 1
3013 3793 1
3793 3013 1
3793 4638 1
4638 3793 1
3347 4441 1
4441 3347 1
4089 504 1
4262 4827 1
4827 4262 1
3347 1865 1
3347 3013 1
3013 3347 1
1308 1678 1
1308 3469 1
2928 3618 1
3618 2928 1
4494 1684 1
1684 4494 1
3469 81 1
3469 498 1
3469 1308 1
3469 1678 1
81 27 1
81 3469 1
81 1678 1
81 498 1
81 43 1
1678 81 1
1678 3469 1
1678 498 1
1678 1308 1
3775 3469 1
2006 4393 1
4393 2006 1
3724 4494 1
3775 4773 1
4773 3347 1
4773 3775 1
81 1308 1
3347 4773 1
2329 4494 1
4494 2329 1
3347 4638 1
4638 3347 1
2071 2430 1
2071 3 1
2071 4169 1
4494 3125 1
81 58 1
81 6 1
1308 58 1
81 1 1
81 53 1
81 1155 1
4262 3362 1
2571 3647 1
81 3 1
3 81 1
498 81 1
498 1678 1
3347 1355 1
1355 3347 1
3347 4469 1
477 58 1
3347 4494 1
4494 3347 1
81 613 1
3775 4827 1
1990 3006 1
4378 3090 1
3090 4378 1
3090 4089 1
4494 3550 1
3550 4494 1
1785 1910 1
3622 1468 1
4799 58 1
1355 1785 1
1785 1355 1
3348 1785 1
4296 3724 1
1785 4799 1
4494 4169 1
4749 4013 1
4013 4749 1
3433 3741 1
3741 3433 1
2494 3186 1
3186 2494 1
3399 3793 1
3793 3399 1
3348 4799 1
3348 3 1
4494 3348 1
3348 4494 1
2576 3798 1
4395 3775 1
2778 2894 1
2894 2778 1
3622 1350 1
3815 4169 1
3622 2778 1
2778 3622 1
4169 3622 1
2823 3622 1
3622 2823 1
3622 4799 1
3793 3580 1
4827 1678 1
4169 4494 1
3798 2576 1
3607 4827 1
2751 3469 1
1424 3859 1
3859 1424 1
3793 4295 1
1019 858 1
81 14 1
3622 1678 1
4389 2204 1
2204 4389 1
3622 16 1
3622 2571 1
3622 4169 1
3622 1308 1
3622 498 1
3622 4494 1
3622 1337 1
3622 58 1
3622 4427 1
1678 1963 1
3622 3 1
1350 2778 1
2778 1350 1
3622 2551 1
2778 4773 1
4773 2778 1
1684 1294 1
1350 4183 1
4183 1350 1
477 1778 1
2751 4262 1
2551 4090 1
4090 2551 1
3469 1468 1
3406 639 1
2067 4565 1
1785 4565 1
477 4565 1
2778 1990 1
1990 2778 1
3607 401 1
3793 2062 1
2062 3793 1
3793 2329 1
2329 3793 1
4169 1402 1
1308 16 1
3618 3607 1
3607 3618 1
2551 3607 1
3607 2551 1
4196 3759 1
3759 4196 1
4169 477 1
3775 3406 1
3406 3775 1
23 4393 1
2084 4196 1
4196 2084 1
4089 2928 1
2238 1497 1
23 3775 1
4196 107 1
107 4196 1
107 1274 1
4196 1274 1
1274 4196 1
2569 4237 1
4237 2569 1
3775 2238 1
1785 2238 1
4378 2329 1
2329 4378 1
4692 4196 1
3348 1294 1
3622 1785 1
4773 1365 1
1365 4773 1
4262 1671 1
172 4019 1
4019 172 1
4728 4564 1
2238 3348 1
3348 2238 1
4728 3348 1
3348 4728 1
2793 4089 1
4089 2793 1
3775 81 1
2569 2928 1
2928 4089 1
983 4196 1
4196 983 1
1350 3622 1
967 38 1
38 967 1
4393 2956 1
2956 4393 1
2956 237 1
4089 4773 1
3348 3962 1
4183 945 1
3775 145 1
145 3775 1
4262 4434 1
4262 81 1
3775 4262 1
3775 1308 1
4262 3775 1
4262 1894 1
4262 4823 1
4089 1616 1
1616 4089 1
4378 4521 1
4071 4378 1
2569 1564 1
4089 173 1
173 4089 1
4183 1355 1
3999 1785 1
3399 2561 1
4434 2135 1
3999 4089 1
4089 3999 1
2569 2006 1
3607 4089 1
4262 2135 1
4089 3607 1
1918 2135 1
3348 4183 1
2238 4169 1
477 3554 1
4393 3812 1
3812 4393 1
3399 1944 1
1944 3399 1
4262 2129 1
2778 2006 1
4169 3775 1
3775 4169 1
2006 2778 1
38 3775 1
3775 38 1
3607 1337 1
1308 1955 1
4152 2863 1
2863 4152 1
4521 2928 1
2928 4521 1
4262 1639 1
4262 1402 1
4089 3478 1
3478 4089 1
967 3744 1
4089 4494 1
3744 967 1
4406 2778 1
2778 4406 1
2062 4089 1
4089 2062 1
3348 2010 1
4169 2778 1
2778 4169 1
4169 4749 1
4749 4169 1
3775 2569 1
2863 2956 1
3478 1846 1
1846 3478 1
3815 1319 1
1990 3815 1
3 3815 1
145 32 1
32 145 1
2956 32 1
32 2956 1
2583 2238 1
3622 1274 1
424 2238 1
3775 424 1
4393 1990 1
1990 4393 1
2894 3704 1
3348 2956 1
2956 3348 1
2894 2206 1
2894 1980 1
1643 1308 1
3348 259 1
3775 2135 1
1918 23 1
2956 2863 1
2569 3724 1
2956 7 1
7 2956 1
4089 2778 1
2778 4089 1
2551 2928 1
2928 2551 1
4521 2956 1
2956 4521 1
3724 2569 1
477 3348 1
3217 4089 1
1918 498 1
4089 3704 1
967 1272 1
4240 1272 1
2002 3 1
23 1918 1
3622 4395 1
1308 2456 1
4395 4169 1
2778 2956 1
3561 2456 1
3775 3 1
4393 2551 1
2551 4393 1
4071 1272 1
2583 3 1
2583 2002 1
2002 2583 1
4521 4378 1
4240 4089 1
4089 4240 1
1942 4089 1
4089 1942 1
3709 4089 1
4089 3709 1
3362 1308 1
4071 1834 1
1834 4071 1
4393 4089 1
2928 3793 1
1308 3775 1
4258 3891 1
3724 3625 1
3625 3724 1
3724 2956 1
2956 3724 1
4827 4094 1
3891 4693 1
3891 3399 1
3981 4077 1
4077 3981 1
1350 4169 1
4169 1350 1
3724 2894 1
1990 2878 1
3891 2894 1
2583 1337 1
2583 1980 1
2583 58 1
4179 1482 1
3891 4521 1
2751 486 1
1990 4019 1
3891 1722 1
1990 1989 1
1589 1989 1
3891 1778 1
3891 3724 1
3891 1272 1
3891 4316 1
3891 2569 1
3891 477 1
4071 145 1
2357 1726 1
1726 2357 1
1785 3497 1
1990 2430 1
3399 2778 1
2778 3399 1
1678 4685 1
3891 38 1
3891 1294 1
3891 4169 1
4262 3760 1
3891 4019 1
3891 2571 1
2297 1980 1
2297 2154 1
23 4019 1
3399 2956 1
2956 3399 1
2778 4240 1
4240 2778 1
3891 4240 1
4262 3607 1
3891 1745 1
3891 2116 1
2956 1958 1
1958 2956 1
4089 21 1
4089 491 1
4262 1949 1
491 4169 1
4169 491 1
4169 1308 1
21 4089 1
3622 4823 1
4089 3242 1
3704 4169 1
4169 3704 1
424 1937 1
4197 3402 1
3402 4197 1
3399 3406 1
3406 3399 1
4240 3891 1
3891 3775 1
3891 1899 1
3469 3 1
4332 1937 1
4521 4332 1
4332 4521 1
516 2727 1
172 2272 1
4491 4196 1
2272 172 1
4196 4491 1
4196 4339 1
3775 4240 1
4240 3775 1
4240 4316 1
4316 4240 1
4089 4439 1
4439 4089 1
4089 2272 1
2272 4089 1
2071 3399 1
4071 1990 1
1990 4071 1
3891 4783 1
4783 3891 1
1990 3382 1
1684 3793 1
4826 23 1
4773 4089 1
2071 3217 1
93 3338 1
3580 2863 1
3891 4434 1
3891 4071 1
2116 3626 1
3626 2116 1
2116 1696 1
3891 7 1
7 3891 1
2894 1937 1
2071 4393 1
2915 4089 1
2551 2915 1
2915 2551 1
3793 2551 1
2551 3793 1
1308 808 1
3724 2778 1
2778 3724 1
4169 2894 1
2551 21 1
21 2551 1
3622 3607 1
2071 3358 1
3704 3399 1
4237 23 1
1990 2956 1
4071 3800 1
3891 3800 1
3399 3704 1
4090 2116 1
2116 4090 1
3891 3347 1
4071 2972 1
2972 4071 1
2956 1990 1
2956 3622 1
2956 233 1
3622 2956 1
2956 4071 1
2956 38 1
2551 2956 1
3891 2551 1
3622 1319 1
3607 3622 1
4478 3775 1
3775 4478 1
3622 2116 1
491 4089 1
4491 2171 1
1678 3338 1
4262 3338 1
2894 4169 1
1726 2894 1
1308 93 1
3622 3790 1
2116 1337 1
4169 1726 1
1726 4169 1
2956 2551 1
4393 3580 1
3580 4393 1
3891 4398 1
2071 3242 1
3891 1990 1
3800 4071 1
2010 3348 1
1308 3622 1
4406 3168 1
4439 4680 1
4680 4439 1
2086 2062 1
2062 2086 1
3242 2569 1
1308 1796 1
2116 3110 1
3358 945 1
3358 1796 1
1785 1962 1
3607 1796 1
1308 4521 1
3891 3622 1
1990 3891 1
4521 3242 1
4169 3242 1
1692 1594 1
1692 16 1
4378 4071 1
4521 4169 1
424 3618 1
3618 424 1
1726 3800 1
3724 3800 1
1594 1692 1
3309 1990 1
4262 1051 1
1990 3309 1
3607 3561 1
1942 3940 1
4403 353 1
4521 3622 1
38 4071 1
38 1785 1
2199 2864 1
2456 3561 1
3622 2456 1
4521 38 1
2456 3622 1
2456 4169 1
2456 1792 1
2456 1138 1
2456 1287 1
2456 93 1
2456 0 1
2456 2725 1
2456 2880 1
2456 3006 1
2456 2243 1
2456 2591 1
2456 486 1
2456 808 1
2456 967 1
2456 1337 1
4169 2456 1
4680 4494 1
2569 3704 1
4389 3406 1
3406 4389 1
353 4403 1
2071 4680 1
2863 4071 1
4169 4521 1
1319 945 1
3607 2751 1
38 945 1
3891 0 1
3891 3 1
3891 3433 1
2569 945 1
1468 3469 1
1468 498 1
3891 2238 1
3891 3967 1
3622 3800 1
3891 2010 1
1726 4071 1
3217 4169 1
1308 1138 1
2751 15 1
3891 3647 1
3891 1308 1
3891 1962 1
4316 4071 1
498 1108 1
2456 1308 1
4071 4316 1
4089 2917 1
2917 4089 1
967 4169 1
4240 4071 1
3622 3647 1
4089 60 1
3891 2171 1
4169 967 1
3891 3348 1
3348 3891 1
4773 3891 1
1308 4827 1
3891 150 1
3622 1483 1
3622 4521 1
4823 3 1
4521 4296 1
4296 4521 1
3704 4089 1
4827 1308 1
3891 4773 1
3891 3704 1
4240 3399 1
3399 4240 1
3891 504 1
504 3891 1
3622 2569 1
2135 1793 1
2135 1308 1
2135 2355 1
2135 4001 1
2135 3607 1
2135 2012 1
3622 1 1
2135 4262 1
3622 1272 1
3891 4427 1
4427 3891 1
4071 3622 1
4521 4071 1
4262 15 1
4262 19 1
4262 1138 1
4262 499 1
1468 3670 1
3670 1468 1
3309 1785 1
2135 2894 1
3622 2135 1
2135 3622 1
1424 3242 1
1308 3759 1
3607 3759 1
3622 3759 1
3891 2863 1
2863 3891 1
3607 2135 1
4823 4521 1
4521 4823 1
4393 32 1
32 4393 1
3724 4521 1
4169 1051 1
3622 2247 1
3891 353 1
2751 3775 1
4071 2863 1
3242 1424 1
967 2863 1
2135 1455 1
2135 2141 1
2135 1778 1
1990 4258 1
3891 4258 1
4258 2569 1
2569 4258 1
4827 3617 1
1862 4738 1
3617 4827 1
2171 4071 1
2863 967 1
353 3891 1
4389 4144 1
2238 2710 1
2323 3891 1
23 4141 1
4141 23 1
3704 967 1
3891 2917 1
3704 1980 1
3704 3647 1
3704 1962 1
2569 3647 1
4506 4728 1
4827 3704 1
2135 548 1
2135 3100 1
2135 16 1
2238 1272 1
1468 4434 1
23 3406 1
3347 2006 1
2006 3347 1
150 3561 1
3347 842 1
842 3347 1
3347 3618 1
3618 3347 1
3 150 1
3724 4332 1
4169 2238 1
4071 4158 1
4521 2778 1
2778 4521 1
1913 1785 1
2071 2863 1
3469 3561 1
3775 3622 1
3622 3775 1
3891 4439 1
4439 3891 1
2917 3891 1
3891 1785 1
3891 4158 1
3891 1796 1
3891 3032 1
3891 58 1
3775 23 1
2915 3891 1
1594 1913 1
3347 4071 1
967 3550 1
4169 93 1
93 4169 1
3891 2323 1
499 424 1
424 499 1
2569 2010 1
2010 2569 1
2171 4491 1
1990 2569 1
3347 1990 1
1990 38 1
4393 3347 1
3347 4393 1
1355 4565 1
3815 662 1
662 3815 1
4427 4406 1
4406 4427 1
3800 3622 1
3800 93 1
1785 3800 1
4240 4169 1
967 1796 1
2010 1785 1
2238 3603 1
3347 4827 1
4827 3347 1
2863 4521 1
4521 2863 1
424 3800 1
4823 2751 1
3800 424 1
967 2430 1
4169 4393 1
4393 4169 1
4240 2006 1
2006 4240 1
4494 4089 1
1589 3347 1
3347 1589 1
60 842 1
842 60 1
3186 23 1
3 23 1
3 1337 1
3 58 1
3 945 1
3561 93 1
3 93 1
3550 967 1
4406 3618 1
3618 4406 1
1785 3 1
1308 2129 1
3049 4661 1
4393 1684 1
1684 4393 1
3049 4797 1
3049 3157 1
3049 3859 1
3622 938 1
3891 23 1
3561 3622 1
1899 2576 1
23 2417 1
3622 2751 1
2863 66 1
2006 66 1
66 2006 1
3622 3362 1
3724 4201 1
4201 3724 1
1594 1350 1
3347 4089 1
3347 2576 1
1308 3800 1
32 4131 1
3618 4521 1
4521 3618 1
1990 3242 1
4240 16 1
4201 3242 1
3242 4201 1
23 3186 1
1867 23 1
3724 4617 1
4617 3724 1
3622 3469 1
1990 1894 1
3254 3354 1
1350 2243 1
2243 1350 1
4262 93 1
4262 498 1
4262 1308 1
4262 1678 1
2751 4823 1
3354 3254 1
1308 4262 1
3406 3793 1
3793 3406 1
1785 1990 1
4089 2551 1
477 4823 1
4434 38 1
66 4581 1
4581 66 1
2751 3607 1
4393 23 1
842 3 1
2086 4804 1
3891 93 1
3618 4201 1
4201 3618 1
3891 1894 1
66 1482 1
1482 66 1
3347 4169 1
1942 4406 1
1308 4434 1
3469 4434 1
3891 1726 1
477 4521 1
3724 66 1
66 3724 1
4169 4823 1
1990 66 1
3242 1990 1
3242 4089 1
3242 66 1
1346 16 1
1589 4406 1
4169 1990 1
1990 4169 1
4089 1589 1
1589 4089 1
1899 4071 1
3561 1678 1
4169 2551 1
2238 3704 1
967 4395 1
4406 4466 1
4466 4406 1
4406 4393 1
4393 4406 1
4818 3347 1
4521 3995 1
3995 4521 1
3891 2006 1
2006 3891 1
60 23 1
4581 4773 1
4773 4581 1
23 60 1
3618 3399 1
4823 1990 1
3347 4427 1
4427 3347 1
1308 0 1
3347 1294 1
1294 3347 1
60 3891 1
3891 60 1
4521 4827 1
4827 4521 1
1594 477 1
477 1594 1
1990 4179 1
3406 4521 1
4521 3406 1
3347 1594 1
1594 3347 1
4521 3724 1
4183 4143 1
60 4240 1
4240 60 1
4427 4089 1
4089 4427 1
2247 3347 1
3347 2247 1
3793 2863 1
2863 3793 1
1308 1468 1
1308 3561 1
1308 3607 1
3561 4395 1
1308 975 1
1308 3670 1
3775 945 1
3347 2894 1
1308 1990 1
1468 3561 1
1468 1678 1
3347 66 1
66 3347 1
3347 1778 1
2569 4466 1
499 4169 1
4169 4465 1
4465 4169 1
66 4240 1
4240 66 1
2928 4494 1
3724 145 1
145 3724 1
1594 3242 1
1594 1468 1
32 66 1
66 32 1
3347 945 1
3800 1308 1
3618 2863 1
3618 60 1
3815 945 1
60 3618 1
1785 2299 1
1990 1308 1
1308 4668 1
3622 4668 1
2863 2569 1
2569 2863 1
3724 2006 1
2006 3724 1
3793 3724 1
3724 3793 1
2863 3630 1
3622 1294 1
66 23 1
23 66 1
2010 1894 1
4086 2199 1
3607 2869 1
4086 1990 1
1990 4086 1
3607 967 1
1308 967 1
3630 2778 1
2778 3630 1
3406 4089 1
1990 945 1
3891 3242 1
3242 477 1
477 3242 1
3704 945 1
1990 4439 1
4439 1990 1
424 3704 1
3704 424 1
3891 945 1
4403 23 1
60 66 1
66 60 1
23 4403 1
3622 93 1
3550 4089 1
23 1908 1
3622 1154 1
477 4169 1
477 1154 1
477 1796 1
477 7 1
4089 3550 1
3348 1990 1
1990 3348 1
32 1990 1
1990 32 1
1990 498 1
498 1990 1
3622 1990 1
2863 3580 1
1990 3622 1
1308 1272 1
3999 3618 1
4521 2583 1
2583 4521 1
4406 4316 1
1990 1778 1
3561 1799 1
967 2243 1
2243 967 1
1785 3999 1
3630 1942 1
1942 3630 1
3793 4258 1
4258 3793 1
3793 66 1
66 3793 1
2894 4208 1
2894 4606 1
2894 4605 1
2894 4600 1
2894 4578 1
2894 4572 1
2894 4558 1
2894 4553 1
2894 4547 1
2894 4540 1
2894 4405 1
2894 4751 1
2894 3264 1
4818 4071 1
4071 4818 1
1785 424 1
2569 4406 1
4406 2569 1
1990 2323 1
1990 2863 1
2323 1990 1
4406 3278 1
3617 424 1
424 3617 1
2894 3603 1
3618 967 1
967 3618 1
3242 4183 1
4183 3242 1
2135 823 1
2135 3775 1
2135 1894 1
23 4826 1
4427 4169 1
4406 3724 1
4406 424 1
3724 4406 1
1272 1308 1
2569 1346 1
4332 3724 1
3622 81 1
967 1785 1
1785 4169 1
4406 1726 1
4406 1355 1
4406 2894 1
4197 3433 1
3793 4439 1
4439 3793 1
3561 3724 1
1468 2751 1
1468 3607 1
3607 4086 1
2323 66 1
66 2323 1
2323 2199 1
2199 2323 1
145 4494 1
4494 145 1
4406 4494 1
4406 4429 1
3713 4196 1
4196 3713 1
477 1799 1
477 4406 1
1272 2863 1
967 3630 1
3630 967 1
3242 4169 1
3724 3242 1
3242 3724 1
2863 1272 1
2569 2323 1
3724 4378 1
4378 3724 1
3622 3242 1
3242 3622 1
3242 3607 1
3607 3242 1
1990 4465 1
4465 1990 1
2751 3622 1
3561 178 1
1774 1337 1
1799 4521 1
2863 3775 1
3775 2863 1
4196 4216 1
4216 4196 1
4521 1799 1
2894 1990 1
1990 2894 1
3735 1990 1
1990 3735 1
297 4406 1
4406 297 1
60 4089 1
23 2430 1
1785 4071 1
1785 2799 1
3630 38 1
3347 477 1
477 3347 1
1799 237 1
66 2863 1
66 4406 1
4406 66 1
4406 2835 1
4089 2006 1
2863 3618 1
3347 1889 1
1889 3347 1
1594 2247 1
1834 4521 1
4521 1834 1
4201 2863 1
2863 4201 1
4071 4439 1
4439 4071 1
1942 3891 1
2863 1002 1
1002 2863 1
1002 3 1
1308 1795 1
1002 23 1
3891 1942 1
2569 4183 1
4183 2569 1
3347 2863 1
2863 3347 1
2199 1778 1
4316 967 1
1990 3626 1
3626 1990 1
4071 1483 1
1483 4071 1
4827 3775 1
2073 23 1
23 4169 1
4169 23 1
477 1272 1
23 1002 1
23 2073 1
4406 2006 1
4406 7 1
3815 1990 1
4436 1990 1
1785 3226 1
967 3226 1
3226 967 1
4089 4441 1
1990 4436 1
66 4060 1
3775 1785 1
1785 3775 1
499 38 1
499 3617 1
3617 499 1
81 3362 1
4521 2006 1
2006 4521 1
4521 2484 1
2484 4521 1
3617 1990 1
2010 2199 1
2010 4521 1
4521 2010 1
173 2569 1
2569 173 1
4183 4169 1
4169 4183 1
4521 3226 1
3226 4521 1
1589 1785 1
1785 1589 1
2569 3242 1
1594 3617 1
4183 1785 1
1785 4183 1
145 1684 1
1684 145 1
3347 3775 1
3775 3347 1
1785 2569 1
2569 1785 1
93 1785 1
967 2330 1
3724 967 1
4086 16 1
4169 1745 1
2247 3630 1
3630 2247 1
60 32 1
32 60 1
60 4201 1
4201 60 1
1763 1785 1
477 945 1
3630 1846 1
1846 3630 1
60 4521 1
1594 3775 1
3630 2863 1
4086 3 1
3399 2863 1
3399 4183 1
4183 3399 1
4086 3074 1
4071 2484 1
4169 2010 1
2010 4169 1
4086 58 1
4240 3724 1
3724 4240 1
4169 3399 1
3399 4169 1
3242 4521 1
4089 172 1
172 4089 1
297 1990 1
1990 297 1
2199 23 1
23 4750 1
23 2199 1
1990 2006 1
2006 1990 1
4086 1678 1
2569 1308 1
3724 4427 1
4427 3724 1
4071 4143 1
145 2863 1
2863 145 1
23 145 1
4089 1272 1
1002 1785 1
1002 4316 1
4089 2676 1
2676 4089 1
1002 1899 1
1002 2894 1
1002 150 1
1002 1951 1
1002 4434 1
1002 4169 1
1002 38 1
1002 4089 1
1002 967 1
1002 3775 1
1002 2583 1
1002 172 1
1002 546 1
1002 145 1
1002 10 1
1002 93 1
1002 2494 1
1002 1468 1
1002 3815 1
1002 490 1
1002 424 1
1002 2238 1
1002 2569 1
1002 32 1
1002 178 1
1002 2082 1
1002 3032 1
1002 1990 1
1990 81 1
66 1594 1
2583 2430 1
1272 967 1
4086 1949 1
2569 2430 1
3347 1483 1
32 4183 1
4183 32 1
1483 3347 1
3347 4521 1
4521 3347 1
4086 1308 1
3433 4197 1
4086 3607 1
3507 81 1
4521 60 1
2010 4086 1
4086 2010 1
4071 2006 1
2484 4071 1
145 4169 1
4169 145 1
2199 4048 1
1589 4048 1
1272 2010 1
2010 4048 1
2010 1272 1
4048 2010 1
3724 36 1
3800 1785 1
2972 1990 1
1990 2972 1
3399 3724 1
3724 3399 1
36 3724 1
4823 4089 1
4089 4823 1
3775 2172 1
3347 2172 1
4378 4089 1
4089 4378 1
3347 32 1
32 3347 1
3347 2010 1
2010 3347 1
3724 3347 1
967 3724 1
4089 4183 1
4183 4089 1
145 1594 1
1594 145 1
297 7 1
7 297 1
3399 2006 1
2006 3399 1
1785 2006 1
3347 145 1
145 3347 1
3347 3724 1
3617 3347 1
4183 3347 1
3347 3617 1
3347 4183 1
4258 4521 1
4521 4258 1
945 1990 1
1990 3347 1
145 4071 1
2006 1785 1
3775 4316 1
3399 1990 1
1990 3399 1
424 477 1
4823 1502 1
477 424 1
4169 424 1
424 4169 1
1502 4823 1
32 2199 1
1990 4183 1
2199 32 1
1990 1589 1
1589 1990 1
1545 1942 1
1942 1545 1
4183 1990 1
2017 1308 1
1990 1889 1
1889 1990 1
1942 3790 1
3790 1942 1
2006 2863 1
3630 1778 1
7 1990 1
1990 7 1
32 3479 1
3479 32 1
945 477 1
1594 4071 1
1594 38 1
1594 1272 1
498 1643 1
1990 2010 1
145 23 1
1942 4169 1
4169 1942 1
1942 1990 1
1990 1942 1
477 1990 1
1942 4071 1
3406 23 1
1785 4089 1
4089 1785 1
2010 4089 1
4089 2010 1
4406 4169 1
4169 4406 1
7 4406 1
66 1319 1
66 0 1
66 1795 1
4521 3399 1
3399 4521 1
2006 4089 1
23 3874 1
3874 23 1
967 4071 1
3347 4406 1
4406 3347 1
4406 1684 1
1684 4406 1
4406 2010 1
2010 4406 1
3704 4406 1
4406 3704 1
1942 1785 1
1942 2569 1
3347 2569 1
2569 3347 1
3704 2569 1
3815 2569 1
4406 1942 1
499 4089 1
2569 1942 1
4169 1785 1
3347 3876 1
2484 1785 1
1785 2484 1
145 1785 1
1785 145 1
145 1589 1
1589 145 1
2071 1223 1
3617 1223 1
36 4169 1
2199 4750 1
4750 2199 1
3347 3630 1
3630 3347 1
23 3704 1
3704 23 1
172 145 1
145 172 1
2010 3704 1
3704 2010 1
145 1942 1
1942 145 1
4378 60 1
60 4378 1
2006 4406 1
2010 4183 1
4183 2010 1
23 2010 1
2010 23 1
4378 4169 1
4169 4378 1
3630 2010 1
2010 3630 1
2569 4169 1
4169 3501 1
4169 2569 1
3501 4169 1
3704 145 1
145 3704 1
1785 1778 1
3630 3724 1
3724 3630 1
1990 4378 1
4378 1990 1
2071 1778 1
967 172 1
172 2006 1
2006 172 1
172 967 1
3630 499 1
499 3630 1
2199 7 1
7 2199 1
1308 200 1
1990 145 1
145 1990 1
1594 967 1
66 1990 1
3815 1785 1
3630 424 1
1990 1272 1
1272 1990 1
3630 1785 1
1785 3630 1
3630 1272 1
66 3242 1
3815 3242 1
1350 3775 1
4086 6 1
1350 3242 1
1684 2569 1
2569 1684 1
1002 36 1
967 945 1
4169 945 1
1589 2010 1
2010 1589 1
2010 1990 1
424 1785 1
3630 4316 1
967 2067 1
477 3704 1
3704 477 1
4316 3630 1
2652 4174 1
3798 2652 1
36 1002 1
4478 7 1
4478 1990 1
1990 4478 1
7 4478 1
1785 4378 1
4378 1785 1
2652 3798 1
2652 4797 1
7 1081 1
1081 7 1
